0001441883010420221114016632558446
0001441893010420221124016585719639
0001441903010420221130016068454488
0001441913010420221132020936634078
0001441923010420221139020341331753
0001441933010420221153012143123649
0001441943010420221155016010723494
0001441953010420221157013353771815
0001441963010420221158016042057996
0001441973010420221200016381511258
0001441983010420221217016178705183
0001441993010420221333016639403235
0001442003010420221334016178705183
0001442013010420221359016010723494
0001442023010420221403016042057996
0001442033010420221403020936634078
0001442043010420221403016381511258
0001442053010420221403013353771815
0001442063010420221404012143123649
0001442073010420221430020341331753
0001442083010420221431016585719639
0001442093010420221502016632558446
0001442103010420221511020043175826
0001442113010420221553016091898729
0001442123010420221559013825017779
0001442133010420221600016218426034
0001442143010420221601016013311162
0001442153010420221601016013311162
0001442163010420221603019018641580
0001442173010420221605013518426515
0001442183010420221609012425859510
0001442193010420221609016013114111
0001442203010420221617014507980271
0001442213010420221619016409823186
0001442223010420221645016639403235
0001442233010420221648013260182852
0001442243010420221651016010723494
0001442253010420221651012143123649
0001442263010420221653020936634078
0001442273010420221655013353771815
0001442283010420221701016381511258
0001442293010420221704016042057996
0001442303010420221755016178705183
0001442313010420221825020341331753
0001442323010420221830016585719639
0001442333010420221855016632558446
0001442343010420221859016068454488
0001442353010420221950013825017779
0001442363010420221950016409823186
0001442373010420221952014507980271
0001442383010420221956016013114111
0001442393010420222005019018641580
0001442403010420222100013825017779
0001442413010420222111016409823186
0001442423010420222112016013114111
0001442433010420222113014507980271
0001442443010420222118019018641580
0001442473010420222229016585719639
0001442483010420222232020341331753
0001442493010420222236016632558446
0001442503010420222302016010723494
0001442513010420222303013353771815
0001442523010420222311016218426034
0001442533010420222312016639403235
0001442543010420222320016178705183
0001442553010420222324016091898729
0001442563010420222340020936634078
0001442573010420222356016042057996
0001442583010420222357012143123649
0001442593020420220004016381511258
0001442603020420220752020043175826
0001442613020420220752013518426515
0001442623020420220752012425859510
0001442633020420220759016013311162
0001442643020420220808013825017779
0001442653020420220844014507980271
0001442663020420220854013260182852
0001442673020420220901016013114111
0001442683020420220903016409823186
0001442693020420220906016068454488
0001442703020420220907019018641580
0001442713020420221051016091898729
0001442723020420221057016091898729
0001442733020420221125016178705183
0001442743020420221149020936634078
0001442753020420221157016585719639
0001442763020420221157016010723494
0001442773020420221157016632558446
0001442783020420221159012143123649
0001442793020420221200020341331753
0001442803020420221200016042057996
0001442813020420221203016381511258
0001442823020420221411016091898729
0001442833020420221506020936634078
0001442843020420221506016178705183
0001442853020420221508016381511258
0001442863020420221511013353771815
0001442873020420221514016010723494
0001442883020420221514016042057996
0001442893020420221520012143123649
0001442903020420221549020043175826
0001442913020420221557016639403235
0001442923020420221558016218426034
0001442933020420221607016013311162
0001442943020420221607020341331753
0001442953020420221608013518426515
0001442963020420221611016585719639
0001442973020420221657020936634078
0001442983020420221657016091898729
0001442993020420221703016381511258
0001443003020420221710016013114111
0001443013020420221722016409823186
0001443023020420221726012143123649
0001443033020420221726013353771815
0001443043020420221730016042057996
0001443053020420221730016010723494
0001443063020420221730013825017779
0001443073020420221731016068454488
0001443083020420221731013260182852
0001443093020420221737019018641580
0001443103020420221740016632558446
0001443113020420221743016178705183
0001443123020420221754012425859510
0001443133020420221801014507980271
0001443143020420221830020341331753
0001443153020420221839016585719639
0001443163020420221842020043175826
0001443173020420221905016013311162
0001443183020420221906013518426515
0001443193020420221955013260182852
0001443203020420221955013825017779
0001443213020420221957012425859510
0001443223020420221958016013114111
0001443233020420222000016409823186
0001443243020420222000016068454488
0001443253020420222002014507980271
0001443263020420222004016632558446
0001443273020420222010019018641580
0001443283020420222126020043175826
0001443293020420222127016013311162
0001443303020420222127013518426515
0001443313020420222146013825017779
0001443323020420222147013260182852
0001443333020420222151019018641580
0001443343020420222155014507980271
0001443353020420222159016409823186
0001443363020420222204016013114111
0001443373020420222211012425859510
0001443383020420222243016585719639
0001443393020420222243020341331753
0001443403020420222248016632558446
0001443413020420222335016010723494
0001443423020420222338013353771815
0001443433020420222347016218426034
0001443443020420222347016639403235
0001443453020420222356016091898729
0001443463020420222357016178705183
0001443473030420220031020936634078
0001443483030420220033016042057996
0001443493030420220033012143123649
0001443503030420220743020043175826
0001443513030420220748012425859510
0001443523030420220759016013311162
0001443533030420220821013518426515
0001443543030420220832013825017779
0001443553030420220845014507980271
0001443563030420220856013260182852
0001443573030420220902016409823186
0001443583030420220908016068454488
0001443593030420220909016013114111
0001443603030420220912019018641580
0001443613030420221054016639403235
0001443623030420221055016091898729
0001443633030420221102016218426034
0001443643030420221136016178705183
0001443653030420221150020936634078
0001443663030420221156016632558446
0001443673030420221200020341331753
0001443683030420221200012143123649
0001443693030420221201016010723494
0001443703030420221202016585719639
0001443713030420221202016381511258
0001443723030420221202016042057996
0001443733030420221207013353771815
0001443743030420221444016218426034
0001443753030420221444016639403235
0001443763030420221510016091898729
0001443773030420221558016585719639
0001443783030420221558016042057996
0001443793030420221559016010723494
0001443803030420221559020341331753
0001443813030420221559016178705183
0001443823030420221601016381511258
0001443833030420221608012143123649
0001443843030420221608020936634078
0001443853030420221613013353771815
0001443863030420221703016632558446
0001443873030420221728016639403235
0001443883030420221741013518426515
0001443893030420221744016218426034
0001443903030420221746016013311162
0001443913030420221747020043175826
0001443923030420221757016091898729
0001443933030420221758020936634078
0001443943030420221803013353771815
0001443953030420221804016381511258
0001443963030420221808016013114111
0001443973030420221810016409823186
0001443983030420221818012425859510
0001443993030420221823016042057996
0001444003030420221824012143123649
0001444013030420221828019018641580
0001444023030420221829016010723494
0001444033030420221832016585719639
0001444043030420221834013260182852
0001444053030420221840020341331753
0001444063030420221842014507980271
0001444073030420221843016178705183
0001444083030420221846013825017779
0001444093030420221852016068454488
0001444103030420221934016632558446
0001444113030420222231016632558446
0001444123030420222254016218426034
0001444133030420222254016639403235
0001444143030420222302016091898729
0001444153030420222316016381511258
0001444163030420222330020936634078
0001444173030420222350016585719639
0001444183030420222350020341331753
0001444193030420222350016042057996
0001444203030420222355016010723494
0001444213040420220003012143123649
0001444223040420220033016178705183
0001444233050420220744013518426515
0001444243050420220744012425859510
0001444253050420220745020043175826
0001444263050420220757016013311162
0001444273050420220837013825017779
0001444283050420220851014507980271
0001444293050420220859016409823186
0001444303050420220900016013114111
0001444313050420220906013260182852
0001444323050420220909019018641580
0001444333050420221117016068454488
0001444343050420221155016632558446
0001444353050420221159016585719639
0001444363050420221201020341331753
0001444373050420221427020341331753
0001444383050420221431016632558446
0001444393050420221438016013311162
0001444403050420221500016585719639
0001444413050420221503016068454488
0001444423050420221537013825017779
0001444433050420221539019018641580
0001444443050420221544012425859510
0001444453050420221546013518426515
0001444463050420221546016013114111
0001444473050420221547020043175826
0001444483050420221548013260182852
0001444493050420221553014507980271
0001444503050420221553016409823186
0001444513050420221630016178705183
0001444523050420221635013353771815
0001444533050420221654016639403235
0001444543050420221655012143123649
0001444553050420221656016010723494
0001444563050420221703016042057996
0001444573050420221703020936634078
0001444583050420221703016218426034
0001444593050420221704016381511258
0001444603050420221704016091898729
0001444613050420221832020341331753
0001444623050420221839016632558446
0001444633050420222206020341331753
0001444643050420222217016632558446
0001444653050420222225016010723494
0001444663050420222228013353771815
0001444673050420222241016639403235
0001444683050420222241016218426034
0001444693050420222247016091898729
0001444703050420222247016042057996
0001444713050420222248016178705183
0001444723050420222300012143123649
0001444733050420222301020936634078
0001444743050420222304016381511258
0001444753060420220743020043175826
0001444763060420220743013518426515
0001444773060420220745012425859510
0001444783060420220757016013311162
0001444793060420220832013825017779
0001444803060420220839016632558446
0001444813060420220839020341331753
0001444823060420220859016409823186
0001444833060420220859016013114111
0001444843060420220859014507980271
0001444853060420220902013260182852
0001444863060420220903019018641580
0001444873060420221159016585719639
0001444883060420221243016068454488
0001444893060420221430016585719639
0001444903060420221432020043175826
0001444913060420221434013518426515
0001444923060420221436016068454488
0001444933060420221502020341331753
0001444943060420221503016632558446
0001444953060420221519013825017779
0001444963060420221523016013311162
0001444973060420221536016013114111
0001444983060420221542012425859510
0001444993060420221548014507980271
0001445003060420221551019018641580
0001445013060420221555013260182852
0001445023060420221556016639403235
0001445033060420221557016409823186
0001445043060420221601016218426034
0001445053060420221601016091898729
0001445063060420221634016178705183
0001445073060420221654020936634078
0001445083060420221658012143123649
0001445093060420221659016010723494
0001445103060420221701016042057996
0001445113060420221702013353771815
0001445123060420221706016381511258
0001445133060420221830016585719639
0001445143060420221831016068454488
0001445153060420222226016068454488
0001445163060420222232016585719639
0001445173060420222245013353771815
0001445183060420222245016010723494
0001445193060420222252016042057996
0001445203060420222300016178705183
0001445213060420222300012143123649
0001445223060420222300016218426034
0001445233060420222301016639403235
0001445243060420222304016381511258
0001445253060420222311016091898729
0001445263060420222329020936634078
0001445273070420220753020043175826
0001445283070420220753012425859510
0001445293070420220753013518426515
0001445303070420220759016013311162
0001445313070420220838013825017779
0001445323070420220858013260182852
0001445333070420220903014507980271
0001445343070420220906019018641580
0001445353070420220906016409823186
0001445363070420220907016013114111
0001445373070420221149016632558446
0001445383070420221159016585719639
0001445393070420221204020341331753
0001445403070420221430016013311162
0001445413070420221433016585719639
0001445423070420221434020341331753
0001445433070420221435016632558446
0001445443070420221439016068454488
0001445453070420221507013825017779
0001445463070420221518016013114111
0001445473070420221519013518426515
0001445483070420221521020043175826
0001445493070420221526016409823186
0001445503070420221526019018641580
0001445513070420221529014507980271
0001445523070420221542012425859510
0001445533070420221602013260182852
0001445543070420221636016178705183
0001445553070420221654016639403235
0001445563070420221700016218426034
0001445573070420221701020936634078
0001445583070420221701013353771815
0001445593070420221701016010723494
0001445603070420221702016091898729
0001445613070420221705016042057996
0001445623070420221705012143123649
0001445633070420221705016381511258
0001445643070420221829020341331753
0001445653070420221830016585719639
0001445663070420221833016013311162
0001445673070420221834016632558446
0001445683070420221837016068454488
0001445693070420222125016013311162
0001445703070420222218020341331753
0001445713070420222238016585719639
0001445723070420222239016632558446
0001445733070420222248016068454488
0001445743070420222304016010723494
0001445753070420222304013353771815
0001445763070420222312016178705183
0001445773070420222317016218426034
0001445783070420222319016091898729
0001445793070420222320016639403235
0001445803070420222322020936634078
0001445813070420222334016042057996
0001445823070420222337012143123649
0001445833070420222338016381511258
0001445843080420220750020043175826
0001445853080420220750013518426515
0001445863080420220750012425859510
0001445873080420220758016013311162
0001445883080420220829013825017779
0001445893080420220839014507980271
0001445903080420220902013260182852
0001445913080420220904016409823186
0001445923080420220905016013114111
0001445933080420220912019018641580
0001445943080420221057016639403235
0001445953080420221126016632558446
0001445963080420221127016068454488
0001445973080420221132020936634078
0001445983080420221134016585719639
0001445993080420221135020341331753
0001446003080420221158016010723494
0001446013080420221159016042057996
0001446023080420221159012143123649
0001446033080420221202016381511258
0001446043080420221215016178705183
0001446053080420221336016639403235
0001446063080420221401016381511258
0001446073080420221402012143123649
0001446083080420221403016042057996
0001446093080420221405016010723494
0001446103080420221406020936634078
0001446113080420221406013353771815
0001446123080420221406016178705183
0001446133080420221425013518426515
0001446143080420221430016585719639
0001446153080420221430020341331753
0001446163080420221436016068454488
0001446173080420221516016632558446
0001446183080420221606016091898729
0001446193080420221606016218426034
0001446203080420221610019018641580
0001446213080420221610016013114111
0001446223080420221613020043175826
0001446233080420221614016013311162
0001446243080420221616016178705183
0001446253080420221623013825017779
0001446263080420221623012425859510
0001446273080420221628014507980271
0001446283080420221650016409823186
0001446293080420221656016639403235
0001446303080420221657013353771815
0001446313080420221659016010723494
0001446323080420221700012143123649
0001446333080420221702016381511258
0001446343080420221702020936634078
0001446353080420221707016042057996
0001446363080420221710013260182852
0001446373080420221751013518426515
0001446383080420221834016068454488
0001446393080420221835020341331753
0001446403080420221836016585719639
0001446413080420221905016632558446
0001446423080420221951016013114111
0001446433080420221956013825017779
0001446443080420221957016409823186
0001446453080420222002014507980271
0001446463080420222003019018641580
0001446473080420222120013825017779
0001446483080420222129016068454488
0001446493080420222132016409823186
0001446503080420222132019018641580
0001446513080420222132016013114111
0001446523080420222134014507980271
0001446533080420222144013518426515
0001446543080420222231020341331753
0001446553080420222231016585719639
0001446563080420222233016632558446
0001446573080420222334016010723494
0001446583080420222334013353771815
0001446593080420222339016042057996
0001446603080420222343012143123649
0001446613080420222346016381511258
0001446623080420222347016639403235
0001446633080420222347016218426034
0001446643080420222348012143123649
0001446653080420222352016091898729
0001446663080420222356016178705183
0001446673090420220011020936634078
0001446683090420220752012425859510
0001446693090420220752020043175826
0001446703090420220800016013311162
0001446713090420220801013518426515
0001446723090420220836013825017779
0001446733090420220901016068454488
0001446743090420220905016013114111
0001446753090420220906016409823186
0001446763090420220906013260182852
0001446773090420220908014507980271
0001446783090420220914019018641580
0001446793090420221057016091898729
0001446803090420221057016091898729
0001446813090420221123016178705183
0001446823090420221145020936634078
0001446833090420221157016632558446
0001446843090420221158012143123649
0001446853090420221159016010723494
0001446863090420221202016381511258
0001446873090420221202016042057996
0001446883090420221203020341331753
0001446893090420221204016585719639
0001446903090420221442016091898729
0001446913090420221501020936634078
0001446923090420221501016381511258
0001446933090420221502016010723494
0001446943090420221503016042057996
0001446953090420221503012143123649
0001446963090420221503020341331753
0001446973090420221513016178705183
0001446983090420221545016218426034
0001446993090420221554020043175826
0001447003090420221557016639403235
0001447013090420221603016013311162
0001447023090420221603013518426515
0001447033090420221620016585719639
0001447043090420221622016632558446
0001447053090420221659020936634078
0001447063090420221659016381511258
0001447073090420221702016013114111
0001447083090420221702016409823186
0001447093090420221714012425859510
0001447103090420221729016010723494
0001447113090420221729016091898729
0001447123090420221730013825017779
0001447133090420221730016068454488
0001447143090420221730012143123649
0001447153090420221731013260182852
0001447163090420221731014507980271
0001447173090420221732019018641580
0001447183090420221733020341331753
0001447193090420221735016042057996
0001447203090420221743016178705183
0001447213090420221842020043175826
0001447223090420221852013518426515
0001447233090420221900016585719639
0001447243090420221905016632558446
0001447253090420221917016013311162
0001447263090420221954016409823186
0001447273090420221954016013114111
0001447283090420221955013260182852
0001447293090420221957012425859510
0001447303090420221958013825017779
0001447313090420222000014507980271
0001447323090420222000016068454488
0001447333090420222003019018641580
0001447343090420222112013518426515
0001447353090420222116016013311162
0001447363090420222116020043175826
0001447373090420222145013825017779
0001447383090420222146014507980271
0001447393090420222146016585719639
0001447403090420222150016409823186
0001447413090420222151016013114111
0001447423090420222151012425859510
0001447433090420222154013260182852
0001447443090420222159019018641580
0001447453090420222254020341331753
0001447463090420222255016632558446
0001447473090420222350016010723494
0001447483090420222355016218426034
0001447493090420222355016639403235
0001447503090420222357016091898729
0001447513100420220006016178705183
0001447523100420220016016042057996
0001447533100420220031012143123649
0001447543100420220032012143123649
0001447553100420220033012143123649
0001447563100420220043020936634078
0001447573100420220744013518426515
0001447583100420220746020043175826
0001447593100420220747012425859510
0001447603100420220800016013311162
0001447613100420220833013825017779
0001447623100420220839014507980271
0001447633100420220856013260182852
0001447643100420220901016585719639
0001447653100420220907016409823186
0001447663100420220907016013114111
0001447673100420220908016068454488
0001447683100420220941019018641580
0001447693100420221051016091898729
0001447703100420221053016218426034
0001447713100420221055016639403235
0001447723100420221125020936634078
0001447733100420221129016178705183
0001447743100420221149013353771815
0001447753100420221159020341331753
0001447763100420221202012143123649
0001447773100420221204016632558446
0001447783100420221206016381511258
0001447793100420221209016042057996
0001447803100420221436016218426034
0001447813100420221436016639403235
0001447823100420221517016091898729
0001447833100420221600016178705183
0001447843100420221601016381511258
0001447853100420221601016042057996
0001447863100420221602013353771815
0001447873100420221602020936634078
0001447883100420221604012143123649
0001447893100420221606016585719639
0001447903100420221608020341331753
0001447913100420221645016013311162
0001447923100420221646020043175826
0001447933100420221704016632558446
0001447943100420221730016639403235
0001447953100420221736016218426034
0001447963100420221744013518426515
0001447973100420221801016381511258
0001447983100420221802016091898729
0001447993100420221805020936634078
0001448003100420221806016013114111
0001448013100420221807013353771815
0001448023100420221810016409823186
0001448033100420221817019018641580
0001448043100420221830020341331753
0001448053100420221831012143123649
0001448063100420221831013260182852
0001448073100420221832016042057996
0001448083100420221834014507980271
0001448093100420221834013825017779
0001448103100420221834016068454488
0001448113100420221834012425859510
0001448123100420221835016585719639
0001448133100420221844016178705183
0001448143100420221938016632558446
0001448153100420222257016632558446
0001448163100420222301016218426034
0001448173100420222302016639403235
0001448183100420222305016091898729
0001448193100420222305016381511258
0001448203100420222306013353771815
0001448213100420222331020936634078
0001448223110420220004016585719639
0001448233110420220008020341331753
0001448243110420220019016178705183
0001448253110420220019012143123649
0001448263120420220746013518426515
0001448273120420220746020043175826
0001448283120420220758016013311162
0001448293120420220758016013311162
0001448303120420220838013825017779
0001448313120420220841016632558446
0001448323120420220856016409823186
0001448333120420220856016013114111
0001448343120420220858014507980271
0001448353120420220906013260182852
0001448363120420220910019018641580
0001448373120420220933020341331753
0001448383120420221154016585719639
0001448393120420221210016010723494
0001448403120420221417016010723494
0001448413120420221421016585719639
0001448423120420221441016632558446
0001448433120420221511016013311162
0001448443120420221522020341331753
0001448453120420221558013825017779
0001448463120420221559012425859510
0001448473120420221605019018641580
0001448483120420221608016013114111
0001448493120420221610014507980271
0001448503120420221610013518426515
0001448513120420221612020043175826
0001448523120420221614016409823186
0001448533120420221630016178705183
0001448543120420221651013353771815
0001448553120420221656016042057996
0001448563120420221657020936634078
0001448573120420221657013260182852
0001448583120420221659016639403235
0001448593120420221700016010723494
0001448603120420221700016091898729
0001448613120420221700012143123649
0001448623120420221703016381511258
0001448633120420221703016218426034
0001448643120420221834016585719639
0001448653120420221838016632558446
0001448663120420222143016585719639
0001448673120420222213016632558446
0001448683120420222240016010723494
0001448693120420222242013353771815
0001448703120420222244016178705183
0001448713120420222250012143123649
0001448723120420222250016042057996
0001448733120420222253016639403235
0001448743120420222253016218426034
0001448753120420222254020936634078
0001448763120420222257016381511258
0001448773120420222301016091898729
0001448783130420220751013518426515
0001448793130420220751012425859510
0001448803130420220751020043175826
0001448813130420220757016013311162
0001448823130420220827014507980271
0001448833130420220834013825017779
0001448843130420220900016585719639
0001448853130420220901016013114111
0001448863130420220901016409823186
0001448873130420220904019018641580
0001448883130420220906013260182852
0001448893130420220929016068454488
0001448903130420221152016632558446
0001448913130420221204020341331753
0001448923130420221430016068454488
0001448933130420221434020341331753
0001448943130420221444013518426515
0001448953130420221445020043175826
0001448963130420221504016585719639
0001448973130420221519013825017779
0001448983130420221523016632558446
0001448993130420221530016013114111
0001449003130420221531016013311162
0001449013130420221534014507980271
0001449023130420221537016409823186
0001449033130420221538012425859510
0001449043130420221555019018641580
0001449053130420221557016091898729
0001449063130420221600016218426034
0001449073130420221600016639403235
0001449083130420221626016178705183
0001449093130420221634013260182852
0001449103130420221657016010723494
0001449113130420221658012143123649
0001449123130420221659020936634078
0001449133130420221701016042057996
0001449143130420221706016381511258
0001449153130420221709013353771815
0001449163130420221811020341331753
0001449173130420221836016068454488
0001449183130420222207016068454488
0001449193130420222215020341331753
0001449203130420222304016010723494
0001449213130420222307013353771815
0001449223130420222310016178705183
0001449233130420222312020936634078
0001449243130420222316016639403235
0001449253130420222317016218426034
0001449263130420222319016381511258
0001449273130420222323016091898729
0001449283130420222325016042057996
0001449293130420222326012143123649
0001449303140420220748012425859510
0001449313140420220748013518426515
0001449323140420220748010431205180
0001449333140420220749020043175826
0001449343140420220800016013311162
0001449353140420220829013825017779
0001449363140420220836014507980271
0001449373140420220903016409823186
0001449383140420220903016013114111
0001449393140420220949019018641580
0001449403140420221126013260182852
0001449413140420221137016632558446
0001449423140420221158016585719639
0001449433140420221159016068454488
0001449443140420221207020341331753
0001449453140420221414013518426515
0001449463140420221431016585719639
0001449473140420221432016632558446
0001449483140420221435020341331753
0001449493140420221509020043175826
0001449503140420221511016013311162
0001449513140420221537013825017779
0001449523140420221543016013114111
0001449533140420221545014507980271
0001449543140420221550010431205180
0001449553140420221552012425859510
0001449563140420221614016178705183
0001449573140420221619016409823186
0001449583140420221623013260182852
0001449593140420221656016218426034
0001449603140420221656020936634078
0001449613140420221657016639403235
0001449623140420221659016010723494
0001449633140420221659012143123649
0001449643140420221701016042057996
0001449653140420221701016091898729
0001449663140420221703016381511258
0001449673140420221706013353771815
0001449683140420221806013518426515
0001449693140420221826020341331753
0001449703140420221832016068454488
0001449713140420221833016632558446
0001449723140420221840016585719639
0001449733140420222040013518426515
0001449743140420222212016068454488
0001449753140420222214016585719639
0001449763140420222214020341331753
0001449773140420222228016632558446
0001449783140420222242012143123649
0001449793140420222242016042057996
0001449803140420222243016010723494
0001449813140420222247013353771815
0001449823140420222255016218426034
0001449833140420222256016639403235
0001449843140420222300016381511258
0001449853140420222304020936634078
0001449863140420222305016091898729
0001449873140420222327016178705183
0001449883160420220739010431205180
0001449893160420220739020043175826
0001449903160420220739012425859510
0001449913160420220755016013311162
0001449923160420220828013825017779
0001449933160420220841014507980271
0001449943160420220859013260182852
0001449953160420220900016409823186
0001449963160420220901016013114111
0001449973160420220913019018641580
0001449983160420221022016068454488
0001449993160420221051016091898729
0001450003160420221128016178705183
0001450013160420221131020936634078
0001450023160420221147016632558446
0001450033160420221153012143123649
0001450043160420221157016042057996
0001450053160420221157016585719639
0001450063160420221159016381511258
0001450073160420221200020341331753
0001450083160420221213013353771815
0001450093160420221403016091898729
0001450103160420221458020936634078
0001450113160420221500012143123649
0001450123160420221500016381511258
0001450133160420221502016042057996
0001450143160420221502013353771815
0001450153160420221520016178705183
0001450163160420221529020043175826
0001450173160420221552016639403235
0001450183160420221552020341331753
0001450193160420221554016218426034
0001450203160420221556016013311162
0001450213160420221559016632558446
0001450223160420221608016585719639
0001450233160420221610010431205180
0001450243160420221651020936634078
0001450253160420221651016091898729
0001450263160420221655016381511258
0001450273160420221658012425859510
0001450283160420221700016013114111
0001450293160420221702016409823186
0001450303160420221702012425859510
0001450313160420221711013353771815
0001450323160420221726012143123649
0001450333160420221727016178705183
0001450343160420221729016068454488
0001450353160420221731013260182852
0001450363160420221733016042057996
0001450373160420221733019018641580
0001450383160420221739013825017779
0001450393160420221820013518426515
0001450403160420221823016585719639
0001450413160420221828016632558446
0001450423160420221844020341331753
0001450433160420221849020043175826
0001450443160420221856016013311162
0001450453160420221950013825017779
0001450463160420221950012425859510
0001450473160420221952013260182852
0001450483160420221953016409823186
0001450493160420221955014507980271
0001450503160420221956016013114111
0001450513160420222001016068454488
0001450523160420222005019018641580
0001450533160420222127016013311162
0001450543160420222128020043175826
0001450553160420222153012425859510
0001450563160420222201013825017779
0001450573160420222202016585719639
0001450583160420222203013260182852
0001450593160420222204016068454488
0001450603160420222204016409823186
0001450613160420222205016013114111
0001450623160420222205019018641580
0001450633160420222212014507980271
0001450643160420222218013518426515
0001450653160420222252016632558446
0001450663160420222306020341331753
0001450673160420222330013353771815
0001450683160420222338016042057996
0001450693160420222343016218426034
0001450703160420222343016639403235
0001450713170420220001016091898729
0001450723170420220006016178705183
0001450733170420220024020936634078
0001450743170420220026012143123649
0001450753170420220038016381511258
0001450763170420220750020043175826
0001450773170420220750012425859510
0001450783170420220751010431205180
0001450793170420220755016013311162
0001450803170420220832013825017779
0001450813170420220840014507980271
0001450823170420220848013518426515
0001450833170420220850019018641580
0001450843170420220859016068454488
0001450853170420220903016585719639
0001450863170420220904016409823186
0001450873170420220904016013114111
0001450883170420220905013260182852
0001450893170420221047016218426034
0001450903170420221055016091898729
0001450913170420221058016639403235
0001450923170420221141016178705183
0001450933170420221143020936634078
0001450943170420221148020341331753
0001450953170420221149016042057996
0001450963170420221152016010723494
0001450973170420221153016632558446
0001450983170420221153012143123649
0001450993170420221159016381511258
0001451003170420221200013353771815
0001451013170420221406016218426034
0001451023170420221406016639403235
0001451033170420221411016091898729
0001451043170420221525016178705183
0001451053170420221543020341331753
0001451063170420221544016042057996
0001451073170420221544016010723494
0001451083170420221545016381511258
0001451093170420221545012143123649
0001451103170420221548013353771815
0001451113170420221548020936634078
0001451123170420221551016632558446
0001451133170420221616013518426515
0001451143170420221628010431205180
0001451153170420221639016639403235
0001451163170420221641016218426034
0001451173170420221642016091898729
0001451183170420221654016013311162
0001451193170420221654012425859510
0001451203170420221655020043175826
0001451243170420221801016381511258
0001451253170420221803016409823186
0001451263170420221805016013114111
0001451273170420221826013353771815
0001451283170420221827013825017779
0001451293170420221828016632558446
0001451303170420221828012143123649
0001451313170420221829020936634078
0001451323170420221829016068454488
0001451333170420221830016042057996
0001451343170420221830016010723494
0001451353170420221830016585719639
0001451363170420221830014507980271
0001451373170420221832013260182852
0001451383170420221833020341331753
0001451393170420221834019018641580
0001451403170420221849016178705183
0001451413170420222223016632558446
0001451423170420222312016218426034
0001451433170420222313016639403235
0001451443170420222317016091898729
0001451453170420222321016381511258
0001451463170420222324013353771815
0001451473170420222327020936634078
0001451483180420220020016178705183
0001451493180420220028016010723494
0001451503180420220030016042057996
0001451513180420220030020341331753
0001451523180420220046012143123649
0001451533190420220743010431205180
0001451543190420220743012425859510
0001451553190420220743020043175826
0001451563190420220759016013311162
0001451573190420220839013825017779
0001451583190420220849016013114111
0001451593190420220854016409823186
0001451603190420220903013260182852
0001451613190420220914019018641580
0001451623190420220915016068454488
0001451633190420221203020341331753
0001451643190420221434020341331753
0001451653190420221456016068454488
0001451663190420221459016013311162
0001451673190420221500013825017779
0001451683190420221512016013114111
0001451693190420221512016409823186
0001451703190420221513020043175826
0001451713190420221514010431205180
0001451723190420221516012425859510
0001451733190420221523013260182852
0001451743190420221524014507980271
0001451753190420221527019018641580
0001451763190420221620016178705183
0001451773190420221644013353771815
0001451783190420221653020936634078
0001451793190420221700016218426034
0001451803190420221701012143123649
0001451813190420221701016010723494
0001451823190420221703016042057996
0001451833190420221705016091898729
0001451843190420221708016381511258
0001451853190420221715016632558446
0001451863190420221726016585719639
0001451873190420222130016585719639
0001451883190420222159016632558446
0001451893190420222221013353771815
0001451903190420222221016178705183
0001451913190420222224016042057996
0001451923190420222225020936634078
0001451933190420222227016381511258
0001451943190420222228012143123649
0001451953190420222237016010723494
0001451963190420222237016218426034
0001451973200420220752010431205180
0001451983200420220752012425859510
0001451993200420220752020043175826
0001452003200420220757013518426515
0001452013200420220800016013311162
0001452023200420220834014507980271
0001452033200420220839013825017779
0001452043200420220858016409823186
0001452053200420220858016585719639
0001452063200420220859016013114111
0001452073200420220900013260182852
0001452083200420220909019018641580
0001452093200420221138020341331753
0001452103200420221149016632558446
0001452113200420221202016068454488
0001452123200420221338013518426515
0001452133200420221436016585719639
0001452143200420221441020043175826
0001452153200420221447016632558446
0001452163200420221454020341331753
0001452173200420221503016068454488
0001452183200420221505010431205180
0001452193200420221537013825017779
0001452203200420221537016013311162
0001452213200420221549016013114111
0001452223200420221602019018641580
0001452233200420221605016091898729
0001452243200420221606016218426034
0001452253200420221611012425859510
0001452263200420221613016409823186
0001452273200420221619014507980271
0001452283200420221646016178705183
0001452293200420221651013260182852
0001452303200420221658013518426515
0001452313200420221702016010723494
0001452323200420221702012143123649
0001452333200420221705013353771815
0001452343200420221705020936634078
0001452353200420221708016381511258
0001452363200420221708016042057996
0001452373200420221824016585719639
0001452383200420221832020341331753
0001452393200420221838016632558446
0001452403200420221900016068454488
0001452413200420221926016013114111
0001452423200420222125016013114111
0001452433200420222230016585719639
0001452443200420222230016632558446
0001452453200420222232020341331753
0001452463200420222236016068454488
0001452473200420222246013518426515
0001452483200420222305013353771815
0001452493200420222305016010723494
0001452503200420222305016178705183
0001452513200420222309016381511258
0001452523200420222321016218426034
0001452533200420222322016042057996
0001452543200420222322012143123649
0001452553200420222328020936634078
0001452563200420222330016091898729
0001452573210420220735012425859510
0001452583210420220735010431205180
0001452593210420220736020043175826
0001452603210420220749016013311162
0001452613210420220832014507980271
0001452623210420220854013260182852
0001452633210420220854019018641580
0001452643210420220855016013114111
0001452653210420220855016409823186
0001452663210420221040013518426515
0001452673210420221129020936634078
0001452683210420221137016178705183
0001452693210420221138016632558446
0001452703210420221148020341331753
0001452713210420221149016010723494
0001452723210420221150013353771815
0001452733210420221150012143123649
0001452743210420221151016042057996
0001452753210420221151016381511258
0001452763210420221153016068454488
0001452773210420221155016585719639
0001452783210420221418016013311162
0001452793210420221449016042057996
0001452803210420221450016381511258
0001452813210420221451013353771815
0001452823210420221452016010723494
0001452833210420221453020936634078
0001452843210420221453012143123649
0001452853210420221505016178705183
0001452863210420221600016585719639
0001452873210420221601020341331753
0001452923210420221635016632558446
0001452933210420221651016218426034
0001452943210420221653016091898729
0001452953210420221657010431205180
0001452963210420221700020936634078
0001452973210420221701016381511258
0001452983210420221702020043175826
0001452993210420221705016409823186
0001453003210420221706016013114111
0001453013210420221706013518426515
0001453023210420221706013518426515
0001453033210420221715013353771815
0001453043210420221722012425859510
0001453053210420221729012143123649
0001453063210420221729019018641580
0001453073210420221730016010723494
0001453083210420221731016042057996
0001453093210420221732016068454488
0001453103210420221732013825017779
0001453113210420221735014507980271
0001453123210420221737013260182852
0001453133210420221748016178705183
0001453143210420221840016585719639
0001453153210420221840020341331753
0001453163210420221856016013311162
0001453173210420221905016632558446
0001453183210420221933016409823186
0001453193210420221956014507980271
0001453203210420221958013825017779
0001453213210420222000016068454488
0001453223210420222121014507980271
0001453233210420222122016409823186
0001453243210420222124013825017779
0001453253210420222131016013311162
0001453263210420222131016013311162
0001453273210420222207016068454488
0001453283210420222208020341331753
0001453293210420222210016632558446
0001453303210420222224016585719639
0001453313210420222244016010723494
0001453323210420222244013353771815
0001453333210420222247012143123649
0001453343210420222247016042057996
0001453353210420222256016381511258
0001453363210420222259020936634078
0001453373210420222302016218426034
0001453383210420222303016178705183
0001453393210420222306016091898729
0001453403220420220749020043175826
0001453413220420220749010431205180
0001453423220420220749012425859510
0001453433220420220756013518426515
0001453443220420220800016013311162
0001453453220420220830013825017779
0001453463220420220841014507980271
0001453473220420220858016013114111
0001453483220420220902013260182852
0001453493220420220906016409823186
0001453503220420220907019018641580
0001453513220420221057016639403235
0001453523220420221135016632558446
0001453533220420221136016585719639
0001453543220420221140020936634078
0001453553220420221142020341331753
0001453563220420221142016068454488
0001453573220420221143016010723494
0001453583220420221159013353771815
0001453593220420221201016381511258
0001453603220420221201012143123649
0001453613220420221207016042057996
0001453623220420221335016639403235
0001453633220420221348016381511258
0001453643220420221348016042057996
0001453653220420221350013353771815
0001453663220420221350016010723494
0001453673220420221351012143123649
0001453683220420221356020936634078
0001453693220420221430016585719639
0001453703220420221432020341331753
0001453713220420221437016632558446
0001453723220420221456016068454488
0001453733220420221507020043175826
0001453743220420221513010431205180
0001453753220420221555013825017779
0001453763220420221559016013311162
0001453773220420221559013518426515
0001453783220420221601019018641580
0001453793220420221601016091898729
0001453803220420221602016218426034
0001453813220420221605016013114111
0001453823220420221609016409823186
0001453833220420221612014507980271
0001453843220420221613012425859510
0001453853220420221641013260182852
0001453863220420221643016178705183
0001453873220420221648016639403235
0001453883220420221651013353771815
0001453893220420221703016381511258
0001453903220420221703020936634078
0001453913220420221704012143123649
0001453923220420221708016042057996
0001453933220420221821016585719639
0001453943220420221830020341331753
0001453953220420221833016632558446
0001453963220420221903016068454488
0001453973220420221953016409823186
0001453983220420221958013825017779
0001453993220420221958016013114111
0001454003220420222003014507980271
0001454013220420222010019018641580
0001454023220420222146013825017779
0001454033220420222147016068454488
0001454043220420222147016013114111
0001454053220420222147016409823186
0001454063220420222149014507980271
0001454073220420222154019018641580
0001454083220420222235016632558446
0001454093220420222236016585719639
0001454103220420222327016042057996
0001454113220420222328012143123649
0001454123220420222330013353771815
0001454133220420222337020936634078
0001454143220420222343016218426034
0001454153220420222344016381511258
0001454163220420222344016639403235
0001454173220420222346016178705183
0001454183220420222346016091898729
0001454193230420220751020043175826
0001454203230420220751012425859510
0001454213230420220752010431205180
0001454223230420220758013518426515
0001454233230420220800016013311162
0001454243230420220835013825017779
0001454253230420220841014507980271
0001454263230420220900016013114111
0001454273230420220901016068454488
0001454283230420220901013260182852
0001454293230420220904016409823186
0001454303230420220913019018641580
0001454313230420221052016091898729
0001454323230420221135016632558446
0001454333230420221138020936634078
0001454343230420221138016178705183
0001454353230420221151013353771815
0001454363230420221158012143123649
0001454373230420221200016585719639
0001454383230420221203016381511258
0001454393230420221204016042057996
0001454403230420221206020341331753
0001454413230420221423016091898729
0001454423230420221432016178705183
0001454433230420221500020341331753
0001454443230420221501020936634078
0001454453230420221504016042057996
0001454463230420221504016381511258
0001454473230420221506012143123649
0001454483230420221514013353771815
0001454493230420221538020043175826
0001454503230420221554016639403235
0001454513230420221600010431205180
0001454523230420221602016218426034
0001454533230420221605016632558446
0001454543230420221606016013311162
0001454553230420221606016585719639
0001454563230420221606013518426515
0001454573230420221659020936634078
0001454583230420221702016381511258
0001454593230420221704016013114111
0001454603230420221705016091898729
0001454613230420221707013353771815
0001454623230420221708016409823186
0001454633230420221724016068454488
0001454643230420221724013825017779
0001454653230420221730012143123649
0001454663230420221731013260182852
0001454673230420221731012425859510
0001454683230420221733019018641580
0001454693230420221733016042057996
0001454703230420221736020341331753
0001454713230420221738014507980271
0001454723230420221751016178705183
0001454733230420221832016585719639
0001454743230420221840016632558446
0001454753230420221847020043175826
0001454763230420221901016013311162
0001454773230420221902013518426515
0001454783230420221948012425859510
0001454793230420221959013825017779
0001454803230420222000013260182852
0001454813230420222001016409823186
0001454823230420222002016013114111
0001454833230420222004016068454488
0001454843230420222007019018641580
0001454853230420222024014507980271
0001454863230420222054016013311162
0001454873230420222055020043175826
0001454883230420222146013825017779
0001454893230420222147019018641580
0001454903230420222150016013114111
0001454913230420222150016409823186
0001454923230420222154016585719639
0001454933230420222154016068454488
0001454943230420222156013260182852
0001454953230420222157012425859510
0001454963230420222159014507980271
0001454973230420222207013518426515
0001454983230420222254016632558446
0001454993230420222325013353771815
0001455003230420222335016218426034
0001455013230420222335016639403235
0001455023230420222340020936634078
0001455033230420222346016091898729
0001455043230420222351016178705183
0001455053230420222355016381511258
0001455063240420220013016042057996
0001455073240420220014012143123649
0001455083240420220749020043175826
0001455093240420220749012425859510
0001455103240420220750010431205180
0001455113240420220759016013311162
0001455123240420220831014507980271
0001455133240420220834013825017779
0001455143240420220857016585719639
0001455153240420220858016068454488
0001455163240420220902016409823186
0001455173240420220903016013114111
0001455183240420220904013260182852
0001455193240420220908019018641580
0001455203240420220942013518426515
0001455213240420221052016091898729
0001455223240420221054016639403235
0001455233240420221057016218426034
0001455243240420221142020936634078
0001455253240420221152016632558446
0001455263240420221158016010723494
0001455273240420221200016178705183
0001455283240420221201016381511258
0001455293240420221202016042057996
0001455303240420221202012143123649
0001455313240420221203013353771815
0001455323240420221205020341331753
0001455333240420221428016218426034
0001455343240420221428016218426034
0001455353240420221429016639403235
0001455363240420221436016091898729
0001455373240420221455016178705183
0001455383240420221556016010723494
0001455393240420221556016381511258
0001455403240420221558013353771815
0001455413240420221558016042057996
0001455423240420221604020936634078
0001455433240420221636020043175826
0001455443240420221637016013311162
0001455453240420221703016632558446
0001455463240420221724016639403235
0001455473240420221731016091898729
0001455483240420221733010431205180
0001455493240420221733016218426034
0001455503240420221734013518426515
0001455513240420221801016381511258
0001455523240420221802016013114111
0001455533240420221806016409823186
0001455543240420221820020936634078
0001455553240420221825012425859510
0001455563240420221827013353771815
0001455573240420221829012143123649
0001455583240420221829016010723494
0001455593240420221830016042057996
0001455603240420221830013825017779
0001455613240420221830019018641580
0001455623240420221830020341331753
0001455633240420221830014507980271
0001455643240420221831016585719639
0001455653240420221831016068454488
0001455663240420221835013260182852
0001455673240420221841016178705183
0001455683240420221940016632558446
0001455693240420222215016632558446
0001455703240420222249016218426034
0001455713240420222249016639403235
0001455723240420222252016091898729
0001455733240420222312016381511258
0001455743240420222313013353771815
0001455753240420222337020936634078
0001455763250420220014016042057996
0001455773250420220018016010723494
0001455783250420220019020341331753
0001455793250420220024012143123649
0001455803250420220028016178705183
0001455813260420220756010431205180
0001455823260420220756012425859510
0001455833260420220756020043175826
0001455843260420220800016013311162
0001455853260420220800013518426515
0001455863260420220833016042057996
0001455873260420220838013825017779
0001455883260420220840016013114111
0001455893260420220843016632558446
0001455903260420220859016409823186
0001455913260420220901019018641580
0001455923260420220902020341331753
0001455933260420220903013260182852
0001455943260420221158016068454488
0001455953260420221159016585719639
0001455963260420221423016068454488
0001455973260420221423016585719639
0001455983260420221440020043175826
0001455993260420221440010431205180
0001456003260420221502020341331753
0001456013260420221509016632558446
0001456023260420221524013825017779
0001456033260420221530012425859510
0001456043260420221531019018641580
0001456053260420221532016042057996
0001456063260420221533016013114111
0001456073260420221534013518426515
0001456083260420221534016013311162
0001456093260420221545013260182852
0001456103260420221549016409823186
0001456113260420221633016178705183
0001456123260420221654016091898729
0001456133260420221659020936634078
0001456143260420221659016639403235
0001456153260420221702016010723494
0001456163260420221702012143123649
0001456173260420221704013353771815
0001456183260420221705016218426034
0001456193260420221707016381511258
0001456203260420221731014507980271
0001456213260420221838016068454488
0001456223260420221839016585719639
0001456233260420222124016585719639
0001456243260420222200016068454488
0001456253260420222221013353771815
0001456263260420222222016010723494
0001456273260420222236016178705183
0001456283260420222237016218426034
0001456293260420222246016091898729
0001456303260420222248014507980271
0001456313260420222248016381511258
0001456323260420222254020936634078
0001456333270420220749010431205180
0001456343270420220749012425859510
0001456353270420220749020043175826
0001456363270420220800016013311162
0001456373270420220800013518426515
0001456383270420220835013825017779
0001456393270420220843016013114111
0001456403270420220849016042057996
0001456413270420220859019018641580
0001456423270420220900016068454488
0001456433270420220901013260182852
0001456443270420220903016409823186
0001456453270420220949016585719639
0001456463270420221155020341331753
0001456473270420221158016632558446
0001456483270420221434016632558446
0001456493270420221437013518426515
0001456503270420221438020043175826
0001456513270420221438020341331753
0001456523270420221443010431205180
0001456533270420221501016068454488
0001456543270420221501016585719639
0001456553270420221518013825017779
0001456563270420221519016013311162
0001456573270420221521016013114111
0001456583270420221529016042057996
0001456593270420221533012425859510
0001456603270420221535013260182852
0001456613270420221535019018641580
0001456623270420221535016409823186
0001456633270420221554016639403235
0001456643270420221558016091898729
0001456653270420221559016218426034
0001456663270420221600016639403235
0001456673270420221648016178705183
0001456683270420221651012143123649
0001456693270420221656016010723494
0001456703270420221656014507980271
0001456713270420221658013353771815
0001456723270420221659020936634078
0001456733270420221701016381511258
0001456743270420221834020341331753
0001456753270420221845016632558446
0001456763270420222158020341331753
0001456773270420222209016632558446
0001456783270420222230013353771815
0001456793270420222235020936634078
0001456803270420222236012143123649
0001456813270420222237016381511258
0001456823270420222247016178705183
0001456833270420222250016218426034
0001456843270420222255016091898729
0001456853280420220753020043175826
0001456863280420220753010431205180
0001456873280420220753013518426515
0001456883280420220753012425859510
0001456893280420220759016013311162
0001456903280420220835013825017779
0001456913280420220846016013114111
0001456923280420220850016042057996
0001456933280420220901016409823186
0001456943280420220902013260182852
0001456953280420220912019018641580
0001456963280420221148016632558446
0001456973280420221154016585719639
0001456983280420221202020341331753
0001456993280420221359013518426515
0001457003280420221407016013311162
0001457013280420221427016632558446
0001457023280420221427016068454488
0001457033280420221429016585719639
0001457043280420221429020341331753
0001457053280420221511013825017779
0001457063280420221518012425859510
0001457073280420221520020043175826
0001457083280420221523016013114111
0001457093280420221524010431205180
0001457103280420221527016042057996
0001457113280420221534019018641580
0001457123280420221541016409823186
0001457133280420221603013260182852
0001457143280420221643016178705183
0001457153280420221653016010723494
0001457163280420221653012143123649
0001457173280420221659020936634078
0001457183280420221700014507980271
0001457193280420221700016091898729
0001457203280420221701013353771815
0001457213280420221702016218426034
0001457223280420221704016381511258
0001457233280420221754013518426515
0001457243280420221806016632558446
0001457253280420221831016013311162
0001457263280420221833016585719639
0001457273280420221837016068454488
0001457283280420221837020341331753
0001457293280420222053016013311162
0001457303280420222207020341331753
0001457313280420222207016585719639
0001457323280420222210016068454488
0001457333280420222218016632558446
0001457343280420222232016010723494
0001457353280420222233016381511258
0001457363280420222233012143123649
0001457373280420222233013353771815
0001457383280420222233014507980271
0001457393280420222237016178705183
0001457403280420222243020936634078
0001457413280420222246016218426034
0001457423280420222246013518426515
0001457433280420222254016091898729
0001457443290420220750020043175826
0001457453290420220751012425859510
0001457463290420220751010431205180
0001457473290420220759016013311162
0001457483290420220834013825017779
0001457493290420220847016013114111
0001457503290420220852016042057996
0001457513290420220853016409823186
0001457523290420220902013260182852
0001457533290420220911019018641580
0001457543290420221051016639403235
0001457553290420221057013518426515
0001457563290420221130016585719639
0001457573290420221133016632558446
0001457583290420221133016068454488
0001457593290420221139020341331753
0001457603290420221140020936634078
0001457613290420221155016010723494
0001457623290420221156013353771815
0001457633290420221200016381511258
0001457643290420221334016639403235
0001457653290420221334013518426515
0001457663290420221356016010723494
0001457673290420221358012143123649
0001457683290420221358013353771815
0001457693290420221358016381511258
0001457703290420221404020936634078
0001457713290420221429016068454488
0001457723290420221431016585719639
0001457733290420221431020341331753
0001457743290420221505010431205180
0001457753290420221506016632558446
0001457763290420221518020043175826
0001457773290420221552013825017779
0001457783290420221558016013311162
0001457793290420221601016042057996
0001457803290420221603016013114111
0001457813290420221604019018641580
0001457823290420221606012425859510
0001457833290420221611016091898729
0001457843290420221616016409823186
0001457853290420221634016178705183
0001457863290420221655016639403235
0001457873290420221655013518426515
0001457883290420221659016010723494
0001457893290420221659012143123649
0001457903290420221700014507980271
0001457913290420221700020936634078
0001457923290420221701013260182852
0001457933290420221703013353771815
0001457943290420221706016381511258
0001457953290420221832016068454488
0001457963290420221835016585719639
0001457973290420221835020341331753
0001457983290420221904016632558446
0001457993290420221950016013114111
0001458003290420221954016409823186
0001458013290420221956013825017779
0001458023290420221956016042057996
0001458033290420222012019018641580
0001458043290420222159019018641580
0001458053290420222200016042057996
0001458063290420222201013825017779
0001458073290420222202016068454488
0001458083290420222209016013114111
0001458093290420222210016409823186
0001458103290420222239016632558446
0001458113290420222240020341331753
0001458123290420222242016585719639
0001458133290420222329016178705183
0001458143290420222331016010723494
0001458153290420222332013353771815
0001458163290420222338016381511258
0001458173290420222341016218426034
0001458183290420222346012143123649
0001458193290420222349013518426515
0001458203290420222349014507980271
0001458213290420222350016091898729
0001458223300420220000020936634078
0001458233300420220702012425859510
0001458243300420220702020043175826
0001458253300420220702010431205180
0001458263300420220711016013311162
0001458273300420220752013825017779
0001458283300420220756016042057996
0001458293300420220811013260182852
0001458303300420220812016068454488
0001458333300420220907016013114111
0001458343300420220908016409823186
0001458353300420220915019018641580
0001458363300420221056016091898729
0001458373300420221143020936634078
0001458383300420221153016632558446
0001458393300420221155016010723494
0001458403300420221158016381511258
0001458413300420221159013353771815
0001458423300420221200012143123649
0001458433300420221200014507980271
0001458443300420221202016585719639
0001458453300420221202020341331753
0001458463300420221212016178705183
0001458473300420221444016178705183
0001458483300420221502016010723494
0001458493300420221502016381511258
0001458503300420221502012143123649
0001458513300420221503020936634078
0001458523300420221503013353771815
0001458533300420221505014507980271
0001458543300420221543020043175826
0001458553300420221551016639403235
0001458563300420221551013518426515
0001458573300420221559016013311162
0001458583300420221559016013311162
0001458593300420221559016091898729
0001458603300420221600016218426034
0001458613300420221601016585719639
0001458623300420221605010431205180
0001458633300420221608020341331753
0001458643300420221636016632558446
0001458653300420221656013353771815
0001458663300420221658016381511258
0001458673300420221659020936634078
0001458683300420221703016013114111
0001458693300420221706016409823186
0001458703300420221718012425859510
0001458713300420221724012143123649
0001458723300420221726019018641580
0001458733300420221726014507980271
0001458743300420221728016010723494
0001458753300420221728013260182852
0001458763300420221729016042057996
0001458773300420221730013825017779
0001458783300420221730016068454488
0001458793300420221746016178705183
0001458803300420221838016585719639
0001458813300420221838020341331753
0001458823300420221853020043175826
0001458833300420221856016013311162
0001458843300420221856016091898729
0001458853300420221906016632558446
0001458863300420221940012425859510
0001458873300420221955016042057996
0001458883300420221956016013114111
0001458893300420221957013260182852
0001458903300420221958013825017779
0001458913300420221958016068454488
0001458923300420222000016409823186
0001458933300420222005019018641580
0001458943300420222112016013311162
0001458953300420222112020043175826
0001458963300420222155016585719639
0001458973300420222155016409823186
0001458983300420222155013825017779
0001458993300420222156016068454488
0001459003300420222156016042057996
0001459013300420222157013260182852
0001459023300420222158012425859510
0001459033300420222159016013114111
0001459043300420222200019018641580
0001459053300420222258016632558446
0001459063300420222300020341331753
0001459073300420222345016178705183
0001459083300420222349013353771815
0001459093300420222349013353771815
0001459103300420222350016010723494
0001459113300420222353013353771815
0001459123300420222353014507980271
0001459133300420222356012143123649
0001459143300420222359016218426034
0001459153010520220000013518426515
0001459163010520220000016639403235
0001459173010520220003016381511258
0001459183010520220007016091898729
0001459193010520220027020936634078
0001459203010520220028020936634078
0001459213010520220029020936634078
0001459223010520220746020043175826
0001459233010520220748010431205180
0001459243010520220759016013311162
0001459253010520220837013825017779
0001459263010520220845016042057996
0001459273010520220853016585719639
0001459283010520220855013260182852
0001459293010520220856016068454488
0001459303010520220904016013114111
0001459313010520220904016409823186
0001459323010520220938019018641580
0001459333010520221054013518426515
0001459343010520221054016639403235
0001459353010520221057016091898729
0001459363010520221100016218426034
0001459373010520221145020936634078
0001459383010520221151016632558446
0001459393010520221155016010723494
0001459403010520221158016178705183
0001459413010520221158016381511258
0001459423010520221159020341331753
0001459433010520221200014507980271
0001459443010520221200012143123649
0001459453010520221215013353771815
0001459463010520221432016639403235
0001459473010520221433016091898729
0001459483010520221434016218426034
0001459493010520221536013518426515
