0001422033240220222106016013311162
0001422043240220222224016585719639
0001422053240220222234016632558446
0001422063240220222249016381511258
0001422073240220222253012143123649
0001422083240220222255020936634078
0001422093240220222255016042057996
0001422103240220222256016010723494
0001422113240220222257013353771815
0001422123240220222258016178705183
0001422133240220222306016218426034
0001422143240220222307016639403235
0001422153240220222309016091898729
0001422163240220222311016091898729
0001422173250220220751020043175826
0001422183250220220751012425859510
0001422193250220220753010431205180
0001422203250220220759016013311162
0001422213250220220822014507980271
0001422223250220220833013825017779
0001422233250220220904016013114111
0001422243250220220904016409823186
0001422253250220220908019018641580
0001422263250220221059013260182852
0001422273250220221059016639403235
0001422283250220221134016632558446
0001422293250220221136016010723494
0001422303250220221136020936634078
0001422313250220221140016585719639
0001422323250220221143013353771815
0001422333250220221147012143123649
0001422343250220221201016381511258
0001422353250220221203016042057996
0001422363250220221332016042057996
0001422373250220221333016381511258
0001422383250220221334016010723494
0001422393250220221334016639403235
0001422403250220221336013353771815
0001422413250220221341012143123649
0001422423250220221435016632558446
0001422433250220221438016585719639
0001422443250220221459020043175826
0001422453250220221503010431205180
0001422463250220221558019018641580
0001422473250220221558016218426034
0001422483250220221559013825017779
0001422493250220221602012425859510
0001422503250220221602016091898729
0001422513250220221607016013311162
0001422523250220221609016178705183
0001422533250220221612016013114111
0001422543250220221614014507980271
0001422553250220221619016409823186
0001422563250220221651013353771815
0001422573250220221654012143123649
0001422583250220221655016639403235
0001422593250220221655020936634078
0001422603250220221657016010723494
0001422613250220221659016381511258
0001422623250220221702013260182852
0001422633250220221704016042057996
0001422643250220221758020936634078
0001422653250220221833016585719639
0001422663250220221837016632558446
0001422673250220221949016409823186
0001422683250220221954016013114111
0001422693250220221955013825017779
0001422703250220222005019018641580
0001422713250220222007014507980271
0001422723250220222148016409823186
0001422733250220222148016013114111
0001422743250220222148013825017779
0001422753250220222151014507980271
0001422763250220222152019018641580
0001422773250220222231016585719639
0001422783250220222233016632558446
0001422793250220222324012143123649
0001422803250220222325016042057996
0001422813250220222326016010723494
0001422823250220222326013353771815
0001422833250220222328016178705183
0001422843250220222330020936634078
0001422853250220222334016381511258
0001422863250220222335016218426034
0001422873250220222336016639403235
0001422883250220222343016091898729
0001422893260220220818020043175826
0001422903260220220818012425859510
0001422913260220220818016013311162
0001422923260220220818010431205180
0001422933260220220819014507980271
0001422943260220220835013825017779
0001422953260220220853013260182852
0001422963260220220902016013114111
0001422973260220220904016409823186
0001422983260220220913019018641580
0001422993260220221055016091898729
0001423003260220221101016178705183
0001423013260220221143020936634078
0001423023260220221153013353771815
0001423033260220221154016632558446
0001423043260220221155012143123649
0001423053260220221156016010723494
0001423063260220221200016585719639
0001423073260220221201016042057996
0001423083260220221202016381511258
0001423093260220221420016091898729
0001423103260220221426016091898729
0001423113260220221432016178705183
0001423123260220221445016381511258
0001423133260220221445013353771815
0001423143260220221446016010723494
0001423153260220221446012143123649
0001423163260220221450020936634078
0001423173260220221534020043175826
0001423183260220221553016639403235
0001423193260220221556016218426034
0001423203260220221601016013311162
0001423213260220221603016585719639
0001423223260220221614010431205180
0001423233260220221633016632558446
0001423243260220221634012425859510
0001423253260220221655020936634078
0001423263260220221655020936634078
0001423273260220221659016381511258
0001423283260220221701016178705183
0001423293260220221703013353771815
0001423303260220221707016013114111
0001423313260220221708016091898729
0001423323260220221711016409823186
0001423333260220221727012143123649
0001423343260220221727019018641580
0001423353260220221729013825017779
0001423363260220221730016010723494
0001423373260220221730013260182852
0001423383260220221731016042057996
0001423393260220221732014507980271
0001423403260220221826016585719639
0001423413260220221855020043175826
0001423423260220221913016632558446
0001423433260220221925016013311162
0001423443260220221940012425859510
0001423453260220221957013260182852
0001423463260220221957013825017779
0001423473260220222001016013114111
0001423483260220222006019018641580
0001423493260220222008014507980271
0001423503260220222008016409823186
0001423513260220222139020043175826
0001423523260220222140016013311162
0001423533260220222209013825017779
0001423543260220222210012425859510
0001423553260220222214013260182852
0001423563260220222216016409823186
0001423573260220222216019018641580
0001423583260220222217016013114111
0001423593260220222252016632558446
0001423603260220222258016585719639
0001423613260220222326016010723494
0001423623260220222329013353771815
0001423633260220222338016218426034
0001423643260220222338016639403235
0001423653260220222341016042057996
0001423663260220222341016178705183
0001423673260220222341012143123649
0001423683260220222349016091898729
0001423693260220222349016381511258
0001423703270220220002020936634078
0001423713270220220742020043175826
0001423723270220220745012425859510
0001423733270220220757016013311162
0001423743270220220828013825017779
0001423753270220220837014507980271
0001423763270220220853013260182852
0001423773270220220902016013114111
0001423783270220220905016409823186
0001423793270220220908019018641580
0001423803270220221057016639403235
0001423813270220221058016218426034
0001423823270220221058016091898729
0001423833270220221138020936634078
0001423843270220221157012143123649
0001423853270220221158016010723494
0001423863270220221159016381511258
0001423873270220221200016632558446
0001423883270220221201016585719639
0001423893270220221201016042057996
0001423903270220221503016218426034
0001423913270220221503016639403235
0001423923270220221510016091898729
0001423933270220221531016178705183
0001423943270220221602012143123649
0001423953270220221603016381511258
0001423963270220221603016042057996
0001423973270220221603016010723494
0001423983270220221605016585719639
0001423993270220221605013353771815
0001424003270220221606020936634078
0001424013270220221640020043175826
0001424023270220221642016013311162
0001424033270220221646016632558446
0001424043270220221757016639403235
0001424053270220221758016218426034
0001424063270220221759016381511258
0001424073270220221802016013114111
0001424083270220221804020936634078
0001424093270220221806016409823186
0001424103270220221806016091898729
0001424113270220221812010431205180
0001424123270220221817013353771815
0001424133270220221828016178705183
0001424143270220221829012143123649
0001424153270220221830016585719639
0001424163270220221830016010723494
0001424173270220221831013825017779
0001424183270220221832016042057996
0001424193270220221837019018641580
0001424203270220221838014507980271
0001424213270220221844012425859510
0001424223270220221847013260182852
0001424233270220221932016632558446
0001424243270220222143016632558446
0001424253270220222250016218426034
0001424263270220222251016639403235
0001424273270220222303013353771815
0001424283270220222306016381511258
0001424293270220222310020936634078
0001424303270220222358016042057996
0001424313270220222359016178705183
0001424323270220222359016585719639
0001424333270220222359016010723494
0001424343280220220008012143123649
0001424353010320220747012425859510
0001424363010320220748010431205180
0001424373010320220753020043175826
0001424383010320220800016013311162
0001424393010320220834013825017779
0001424403010320220854016409823186
0001424413010320220856014507980271
0001424423010320220859016013114111
0001424433010320220901013260182852
0001424443010320220907019018641580
