0001424453010320221120016178705183
0001424463010320221155012143123649
0001424473010320221158016042057996
0001424483010320221159016632558446
0001424493010320221200016585719639
0001424503010320221456016178705183
0001424513010320221527016042057996
0001424523010320221527012143123649
0001424533010320221556016585719639
0001424543010320221559016632558446
0001424553010320221603013353771815
0001424563010320221620016218426034
0001424573010320221621016639403235
0001424583010320221623016091898729
0001424593010320221629016013311162
0001424603010320221630020043175826
0001424613010320221630010431205180
0001424623010320221657020936634078
0001424633010320221701016381511258
0001424643010320221704016013114111
0001424653010320221707019018641580
0001424663010320221712016409823186
0001424673010320221717012425859510
0001424683010320221737016178705183
0001424693010320221741016010723494
0001424703010320221756012143123649
0001424713010320221801013825017779
0001424723010320221803013260182852
0001424733010320221803016042057996
0001424743010320221808014507980271
0001424753010320221833016585719639
0001424763010320221841016632558446
0001424773010320222200016585719639
0001424783010320222209016632558446
0001424793010320222242016042057996
0001424803010320222243016010723494
0001424813010320222243013353771815
0001424823010320222245012143123649
0001424833010320222249016381511258
0001424843010320222259016639403235
0001424853010320222259016218426034
0001424863010320222300016178705183
0001424873010320222301016091898729
0001424883010320222302020936634078
0001424893010320222302020936634078
0001424903020320220743012425859510
0001424913020320220743020043175826
0001424923020320220745010431205180
0001424933020320220758016013311162
0001424943020320220829014507980271
0001424953020320220831013825017779
0001424963020320220854013260182852
0001424973020320220859016409823186
0001424983020320220900016585719639
0001424993020320220901016013114111
0001425003020320220907019018641580
0001425013020320221154016632558446
0001425023020320221434016632558446
0001425033020320221439020043175826
0001425043020320221515016585719639
0001425053020320221555016639403235
0001425063020320221557016091898729
0001425073020320221601010431205180
0001425083020320221601016218426034
0001425093020320221603016013311162
0001425103020320221605013825017779
0001425113020320221611019018641580
0001425123020320221614016178705183
0001425133020320221614013260182852
0001425143020320221615014507980271
0001425153020320221616016013114111
0001425163020320221621016409823186
0001425173020320221636012425859510
0001425183020320221657016010723494
0001425193020320221658012143123649
0001425203020320221658020936634078
0001425213020320221701013353771815
0001425223020320221702016381511258
0001425233020320221703016042057996
0001425243020320221834016632558446
0001425253020320222213016632558446
0001425263020320222301016010723494
0001425273020320222304016178705183
0001425283020320222305013353771815
0001425293020320222305020936634078
0001425303020320222305020936634078
0001425313020320222306016042057996
0001425323020320222317016639403235
0001425333020320222317016218426034
0001425343020320222323016091898729
0001425353020320222325016381511258
0001425363020320222337012143123649
0001425373030320220752012425859510
0001425383030320220752020043175826
0001425393030320220753010431205180
0001425403030320220756016013311162
0001425413030320220832013825017779
0001425423030320220840014507980271
0001425433030320220847016632558446
0001425443030320220850013260182852
0001425453030320220856016409823186
0001425463030320220858016013114111
0001425473030320220904019018641580
0001425483030320221202016585719639
0001425493030320221430016013311162
0001425503030320221434016585719639
0001425513030320221435010431205180
0001425523030320221508016632558446
0001425533030320221524014507980271
0001425543030320221528013825017779
0001425553030320221528012425859510
0001425563030320221529020043175826
0001425573030320221530019018641580
0001425583030320221545016013114111
0001425593030320221600016409823186
0001425603030320221610013260182852
0001425613030320221632016178705183
0001425623030320221657020936634078
0001425633030320221657016639403235
0001425643030320221658016010723494
0001425653030320221658013353771815
0001425663030320221659012143123649
0001425673030320221700016091898729
0001425683030320221701016218426034
0001425693030320221703016042057996
0001425703030320221705016381511258
0001425713030320221828016013311162
0001425723030320221829016585719639
0001425733030320222115016013311162
0001425743030320222315016010723494
0001425753030320222317016639403235
0001425763030320222317016178705183
0001425773030320222317016218426034
0001425783030320222320020936634078
0001425793030320222320013353771815
0001425803030320222321016091898729
0001425813030320222344016042057996
0001425823030320222344012143123649
0001425833040320220744010431205180
0001425843040320220745020043175826
0001425853040320220800016013311162
0001425863040320220829013825017779
0001425873040320220836014507980271
0001425883040320220853016409823186
0001425893040320220856013260182852
0001425903040320220904016013114111
0001425913040320220907019018641580
0001425923040320221101016639403235
0001425933040320221129020936634078
0001425943040320221132016585719639
0001425953040320221134016632558446
0001425963040320221144013353771815
0001425973040320221150016010723494
0001425983040320221157012143123649
0001425993040320221200016042057996
0001426003040320221201016381511258
0001426013040320221336016639403235
0001426023040320221349016010723494
0001426033040320221350016381511258
0001426043040320221350016042057996
0001426053040320221352012143123649
0001426063040320221431016585719639
0001426073040320221436016632558446
0001426083040320221516016013311162
0001426093040320221517020043175826
0001426103040320221531013825017779
0001426113040320221544014507980271
0001426123040320221555016091898729
0001426133040320221556012425859510
0001426143040320221558016218426034
0001426153040320221607019018641580
0001426163040320221609010431205180
0001426173040320221611016178705183
0001426183040320221617016013114111
0001426193040320221620016409823186
0001426203040320221628013260182852
0001426213040320221654013353771815
0001426223040320221656020936634078
0001426233040320221656016010723494
0001426243040320221657016381511258
0001426253040320221658012143123649
0001426263040320221659016639403235
0001426273040320221700016042057996
0001426283040320221828016632558446
0001426293040320221830016585719639
0001426303040320221954013825017779
0001426313040320221955016409823186
0001426323040320221956016013114111
0001426333040320222006014507980271
0001426343040320222159013825017779
0001426353040320222205016013114111
0001426363040320222205016409823186
0001426373040320222228016585719639
0001426383040320222235014507980271
0001426393040320222236016632558446
0001426403040320222345016010723494
0001426413040320222347013353771815
0001426423040320222352016178705183
0001426433040320222358016381511258
0001426443050320220000016218426034
0001426453050320220001016639403235
0001426463050320220004016091898729
0001426473050320220005020936634078
0001426483050320220013012143123649
0001426493050320220023016042057996
0001426503050320220752020043175826
0001426513050320220752012425859510
0001426523050320220754010431205180
0001426533050320220758016013311162
0001426543050320220832013825017779
0001426553050320220853016409823186
0001426563050320220856013260182852
0001426573050320220858014507980271
0001426583050320220901016013114111
0001426593050320220906019018641580
0001426603050320221105016091898729
0001426613050320221115016178705183
0001426623050320221141012143123649
0001426633050320221144020936634078
0001426643050320221158016010723494
0001426653050320221159016585719639
0001426663050320221200016381511258
0001426673050320221201016632558446
0001426683050320221202016042057996
0001426693050320221441016091898729
0001426703050320221506020936634078
0001426713050320221509016042057996
0001426723050320221510016178705183
0001426733050320221510016381511258
0001426743050320221514012143123649
0001426753050320221515016010723494
0001426763050320221518013353771815
0001426773050320221547020043175826
0001426783050320221555016639403235
0001426793050320221556016218426034
0001426803050320221602016585719639
0001426813050320221603016632558446
0001426823050320221604016013311162
0001426833050320221620010431205180
0001426843050320221657020936634078
0001426853050320221658016381511258
0001426863050320221704016013114111
0001426873050320221704016409823186
0001426883050320221715012425859510
0001426893050320221726019018641580
0001426903050320221727012143123649
0001426913050320221728016091898729
0001426923050320221728016010723494
0001426933050320221729013825017779
0001426943050320221729016042057996
0001426953050320221736016178705183
0001426963050320221736013353771815
0001426973050320221736014507980271
0001426983050320221835016585719639
0001426993050320221837016632558446
0001427003050320221854020043175826
0001427013050320221925016013311162
0001427023050320221930012425859510
0001427033050320221954016013114111
0001427043050320221955016409823186
0001427053050320221957013825017779
0001427063050320222004014507980271
0001427073050320222004019018641580
0001427083050320222123020043175826
0001427093050320222124016013311162
0001427103050320222133012425859510
0001427113050320222155014507980271
0001427123050320222156019018641580
0001427133050320222156013825017779
0001427143050320222211016013114111
0001427153050320222212016409823186
0001427163050320222248016585719639
0001427173050320222253016632558446
0001427183050320222332016010723494
0001427193050320222334013353771815
0001427203050320222338016381511258
0001427213050320222340016042057996
0001427223050320222343016639403235
0001427233050320222343016218426034
0001427243050320222345012143123649
0001427253050320222351020936634078
0001427263050320222356016178705183
0001427273050320222358016091898729
0001427283060320220754020043175826
0001427293060320220756010431205180
0001427303060320220759016013311162
0001427313060320220832013825017779
0001427323060320220841014507980271
0001427333060320220854013260182852
0001427343060320220858016409823186
0001427353060320220900016013114111
0001427363060320221002019018641580
0001427373060320221055016218426034
0001427383060320221055016639403235
0001427393060320221101016091898729
0001427403060320221111016178705183
0001427413060320221146020936634078
0001427423060320221154013353771815
0001427433060320221155012143123649
0001427443060320221158016010723494
0001427453060320221200016585719639
0001427463060320221201016381511258
0001427473060320221202016632558446
0001427483060320221202016042057996
0001427493060320221503016218426034
0001427503060320221503016639403235
0001427513060320221508016091898729
0001427523060320221552016585719639
0001427533060320221553016042057996
0001427543060320221554016010723494
0001427553060320221600013353771815
0001427563060320221604012143123649
0001427573060320221604020936634078
0001427583060320221606016178705183
0001427593060320221742016632558446
0001427603060320221753016639403235
0001427613060320221757016218426034
0001427623060320221758016091898729
0001427633060320221759016632558446
0001427643060320221802016381511258
0001427653060320221806016409823186
0001427663060320221808020043175826
0001427673060320221808016013311162
0001427683060320221811016013114111
0001427693060320221816020936634078
0001427703060320221822012425859510
0001427713060320221828013353771815
0001427723060320221828012143123649
0001427733060320221828019018641580
0001427743060320221828019018641580
0001427753060320221828016010723494
0001427763060320221829013825017779
0001427773060320221830016042057996
0001427783060320221833014507980271
0001427793060320221837016585719639
0001427803060320221839016178705183
0001427813060320222009016632558446
0001427823060320222222016632558446
0001427833060320222249016639403235
0001427843060320222249016218426034
0001427853060320222258016091898729
0001427863060320222317016381511258
0001427873060320222355020936634078
0001427883060320222355016585719639
0001427893060320222355016042057996
0001427903060320222358016010723494
0001427913070320220004016178705183
0001427923070320220009012143123649
0001427933080320220742020043175826
0001427943080320220743012425859510
0001427953080320220745010431205180
0001427963080320220758016013311162
0001427973080320220824013825017779
0001427983080320220854016013114111
0001427993080320220855016409823186
0001428003080320220857013260182852
0001428013080320220900019018641580
0001428023080320220905014507980271
0001428033080320221156016632558446
0001428043080320221211016585719639
0001428053080320221430016632558446
0001428063080320221434016585719639
0001428073080320221450020043175826
0001428083080320221453010431205180
0001428093080320221544013825017779
0001428103080320221555016013114111
0001428113080320221555019018641580
0001428123080320221557016013311162
0001428133080320221605013260182852
0001428143080320221605012425859510
0001428153080320221613016409823186
0001428163080320221617013353771815
0001428173080320221624016178705183
0001428183080320221625014507980271
0001428193080320221656016010723494
0001428203080320221656012143123649
0001428213080320221657016381511258
0001428223080320221659016639403235
0001428233080320221700016639403235
0001428243080320221701020936634078
0001428253080320221701016218426034
0001428263080320221701016639403235
0001428273080320221702016091898729
0001428283080320221704016042057996
0001428293080320221830016632558446
0001428303080320221830016585719639
0001428313080320221919013260182852
0001428323080320221920016013114111
0001428333080320221922014507980271
0001428343080320221924016409823186
0001428353080320221954013825017779
0001428363080320222004019018641580
0001428373080320222147019018641580
0001428383080320222147014507980271
0001428393080320222149013825017779
0001428403080320222149013260182852
0001428413080320222149016409823186
0001428423080320222158016013114111
0001428433080320222232016632558446
0001428443080320222236016585719639
0001428453080320222326016010723494
0001428463080320222329013353771815
0001428473080320222333016178705183
0001428483080320222340012143123649
0001428493080320222340016639403235
0001428503080320222340016218426034
0001428513080320222343016381511258
0001428523080320222349020936634078
0001428533080320222349020936634078
0001428543080320222354016091898729
0001428553080320222355016042057996
0001428563090320220003020936634078
0001428573090320220750020043175826
0001428583090320220750012425859510
0001428593090320220752010431205180
0001428603090320220759016013311162
0001428613090320220833013825017779
0001428623090320220837016632558446
0001428633090320220842014507980271
0001428643090320220851013260182852
0001428653090320220854016409823186
0001428663090320220855016013114111
0001428673090320220859016585719639
0001428683090320220941019018641580
0001428693090320221453016013311162
0001428703090320221458016585719639
0001428713090320221510016632558446
0001428723090320221534013825017779
0001428733090320221536020043175826
0001428743090320221536016409823186
0001428753090320221541016013114111
0001428763090320221554016639403235
0001428773090320221556012425859510
0001428783090320221602016218426034
0001428793090320221604016091898729
0001428803090320221607019018641580
0001428813090320221615016178705183
0001428823090320221625013260182852
0001428833090320221631014507980271
0001428843090320221650020936634078
0001428853090320221658016010723494
0001428863090320221700012143123649
0001428873090320221703016381511258
0001428883090320221706013353771815
0001428893090320221707016042057996
0001428903090320222223016010723494
0001428913090320222223016042057996
0001428923090320222224012143123649
0001428933090320222232020936634078
0001428943090320222236016178705183
0001428953090320222238016639403235
0001428963090320222238016218426034
0001428973090320222245016091898729
0001428983090320222249013353771815
0001428993090320222249016381511258
0001429003100320220742020043175826
0001429013100320220743010431205180
0001429023100320220746012425859510
0001429033100320220757016013311162
0001429043100320220835014507980271
0001429053100320220835013825017779
0001429063100320220856016013114111
0001429073100320220858019018641580
0001429083100320220859016409823186
0001429093100320220902013260182852
0001429123100320221109020341331753
0001429133100320221147016632558446
0001429143100320221201016585719639
0001429153100320221427016013311162
0001429163100320221432016585719639
0001429173100320221434016632558446
0001429183100320221503020043175826
0001429193100320221505010431205180
0001429203100320221507020341331753
0001429213100320221537013825017779
0001429223100320221544019018641580
0001429233100320221548016013114111
0001429243100320221556012425859510
0001429253100320221608013260182852
0001429263100320221608016409823186
0001429273100320221621016178705183
0001429283100320221654016010723494
0001429293100320221654012143123649
0001429303100320221655016639403235
0001429313100320221658020936634078
0001429323100320221702016091898729
0001429333100320221703016381511258
0001429343100320221703013353771815
0001429353100320221705016042057996
0001429363100320221705016218426034
0001429373100320221831016013311162
0001429383100320221831016585719639
0001429393100320221831016632558446
0001429403100320222109016013311162
0001429413100320222237016585719639
0001429423100320222241016632558446
0001429433100320222311016010723494
0001429443100320222313013353771815
0001429453100320222317016042057996
0001429463100320222319016178705183
0001429473100320222324012143123649
0001429483100320222324016639403235
0001429493100320222324016218426034
0001429503100320222326016381511258
0001429513100320222333016091898729
0001429523100320222338020936634078
0001429533110320220749020043175826
0001429543110320220749012425859510
0001429553110320220751010431205180
0001429563110320220800016013311162
0001429573110320220831013825017779
0001429583110320220831014507980271
0001429593110320220854013260182852
0001429603110320220857019018641580
0001429613110320220902016013114111
0001429623110320220904016409823186
0001429633110320221054016639403235
0001429673110320221122016068454488
0001429683110320221128016585719639
0001429693110320221131016632558446
0001429703110320221134020936634078
0001429713110320221151016010723494
0001429723110320221151012143123649
0001429733110320221200016042057996
0001429743110320221200020341331753
0001429753110320221203016381511258
0001429763110320221331016639403235
0001429773110320221355016381511258
0001429783110320221355012143123649
0001429793110320221355016010723494
0001429803110320221356016042057996
0001429813110320221356013353771815
0001429823110320221359020936634078
0001429833110320221435016585719639
0001429843110320221437020341331753
0001429853110320221500016632558446
0001429863110320221510016013311162
0001429873110320221552013825017779
0001429883110320221559016218426034
0001429893110320221600010431205180
0001429903110320221602019018641580
0001429913110320221605016091898729
0001429923110320221606020043175826
0001429933110320221608012425859510
0001429943110320221616014507980271
0001429953110320221618016013114111
0001429963110320221623016178705183
0001429973110320221625016409823186
0001429983110320221651013353771815
0001429993110320221652016639403235
0001430003110320221658016010723494
0001430013110320221658020936634078
0001430023110320221659012143123649
0001430033110320221659013353771815
0001430043110320221701013260182852
0001430053110320221704016042057996
0001430063110320221706016381511258
0001430073110320221833016585719639
0001430083110320221835020341331753
0001430093110320221840016632558446
0001430103110320221931016068454488
0001430113110320221954016013114111
0001430123110320221956013825017779
0001430133110320221957016409823186
0001430143110320222000019018641580
0001430153110320222003014507980271
0001430173110320222107013518426515
0001430183110320222143016409823186
0001430193110320222143016013114111
0001430203110320222143013825017779
0001430213110320222147016068454488
0001430223110320222148014507980271
0001430233110320222225016585719639
0001430243110320222233016632558446
0001430253110320222244013518426515
0001430263110320222308016042057996
0001430273110320222310012143123649
0001430283110320222310016010723494
0001430293110320222311013353771815
0001430303110320222320016381511258
0001430313110320222322016639403235
0001430323110320222322016218426034
0001430333110320222322016178705183
0001430343110320222327020936634078
0001430353110320222330016091898729
0001430363120320220750020043175826
0001430373120320220750012425859510
0001430383120320220751010431205180
0001430393120320220759016013311162
0001430403120320220831013825017779
0001430413120320220835014507980271
0001430423120320220856013260182852
0001430433120320220858019018641580
0001430443120320220859016068454488
0001430453120320220901016409823186
0001430463120320220901016013114111
0001430473120320221057016091898729
0001430483120320221109013518426515
0001430493120320221117016178705183
0001430503120320221138020936634078
0001430513120320221147013353771815
0001430523120320221149012143123649
0001430533120320221152016632558446
0001430543120320221158016042057996
0001430553120320221159016381511258
0001430563120320221159016010723494
0001430573120320221201016585719639
0001430583120320221202020341331753
0001430593120320221412016091898729
0001430603120320221500016381511258
0001430613120320221501013353771815
0001430623120320221502016010723494
0001430633120320221503012143123649
0001430643120320221503016042057996
0001430653120320221507020936634078
0001430663120320221513016178705183
0001430673120320221544020043175826
0001430683120320221554016585719639
0001430693120320221554020341331753
0001430703120320221554016639403235
0001430713120320221558016218426034
0001430723120320221602010431205180
0001430733120320221606013518426515
0001430743120320221612016013311162
0001430753120320221634016632558446
0001430763120320221655016091898729
0001430773120320221657013353771815
0001430783120320221700016013114111
0001430793120320221700016381511258
0001430803120320221703020936634078
0001430813120320221705016409823186
0001430823120320221722019018641580
0001430833120320221729012143123649
0001430843120320221729016010723494
0001430853120320221729016042057996
0001430863120320221729013825017779
0001430873120320221729016068454488
0001430883120320221732013260182852
0001430893120320221735014507980271
0001430903120320221831016585719639
0001430913120320221831020341331753
0001430923120320221849013518426515
0001430933120320221852020043175826
0001430943120320221912016632558446
0001430953120320221923016013311162
0001430963120320221937012425859510
0001430973120320221952016013114111
0001430983120320221956013825017779
0001430993120320221957016409823186
0001431003120320221957016068454488
0001431013120320222000013260182852
0001431023120320222005019018641580
0001431033120320222013014507980271
0001431043120320222135020043175826
0001431053120320222135013518426515
0001431063120320222136016013311162
0001431073120320222153012425859510
0001431083120320222207013825017779
0001431093120320222211013260182852
0001431103120320222213014507980271
0001431113120320222224016409823186
0001431123120320222224016013114111
0001431133120320222225019018641580
0001431143120320222233016068454488
0001431153120320222258020341331753
0001431163120320222304016632558446
0001431173120320222319016585719639
0001431183120320222347013353771815
0001431193120320222348016042057996
0001431203120320222348016010723494
0001431213120320222350016381511258
0001431223120320222351012143123649
0001431233120320222358016218426034
0001431243120320222358016639403235
0001431253130320220001016091898729
0001431263130320220014016178705183
0001431273130320220017020936634078
0001431283130320220708020043175826
0001431293130320220716010431205180
0001431303130320220731012425859510
0001431313130320220752013518426515
0001431323130320220756016013311162
0001431333130320220834014507980271
0001431343130320220855016409823186
0001431353130320220855013260182852
0001431363130320220902016013114111
0001431373130320220903019018641580
0001431383130320220906016068454488
0001431393130320221056016091898729
0001431403130320221057016218426034
0001431413130320221057016639403235
0001431423130320221123016178705183
0001431433130320221129020936634078
0001431443130320221153013353771815
0001431453130320221157016632558446
0001431463130320221158016010723494
0001431473130320221200012143123649
0001431483130320221201016585719639
0001431493130320221202020341331753
0001431503130320221203016381511258
0001431513130320221203016042057996
0001431523130320221425016218426034
0001431533130320221425016639403235
0001431543130320221504016091898729
0001431553130320221535016178705183
0001431563130320221559016042057996
0001431573130320221600016010723494
0001431583130320221600016381511258
0001431593130320221601013353771815
0001431603130320221602012143123649
0001431613130320221606020936634078
0001431623130320221637016013311162
0001431633130320221639020043175826
0001431643130320221646020341331753
0001431653130320221646016585719639
0001431663130320221652016632558446
0001431673130320221731016639403235
0001431683130320221734016218426034
0001431693130320221746013518426515
0001431703130320221756020936634078
0001431713130320221800016381511258
0001431723130320221801016013114111
0001431733130320221805016178705183
0001431743130320221807016091898729
0001431753130320221807016409823186
0001431763130320221820012425859510
0001431773130320221826012143123649
0001431783130320221828013353771815
0001431793130320221829019018641580
0001431803130320221830016042057996
0001431813130320221830013260182852
0001431823130320221830016068454488
0001431833130320221832013825017779
0001431843130320221846014507980271
0001431853130320221924016632558446
0001431863130320221929020341331753
0001431873130320221930016585719639
0001431883130320222206016632558446
0001431893130320222232016218426034
0001431903130320222246016091898729
0001431913130320222249016381511258
0001431923130320222250013353771815
0001431933130320222333020341331753
0001431943130320222333016585719639
0001431953130320222333016042057996
0001431963130320222341016010723494
0001431973130320222342012143123649
0001431983140320220014016178705183
0001431993150320220746020043175826
0001432003150320220753012425859510
0001432013150320220754013518426515
0001432023150320220755016013311162
0001432033150320220834013825017779
0001432043150320220853016013114111
0001432053150320220855019018641580
0001432063150320220856016409823186
0001432073150320220856013260182852
0001432083150320220858016632558446
0001432093150320220916014507980271
0001432103150320221200020341331753
0001432113150320221202016585719639
0001432123150320221206016068454488
0001432133150320221429016068454488
0001432143150320221433020341331753
0001432153150320221434016632558446
0001432163150320221436016585719639
0001432173150320221441016013311162
0001432183150320221529013825017779
0001432193150320221529012425859510
0001432203150320221535014507980271
0001432213150320221535019018641580
0001432223150320221539013260182852
0001432233150320221540016013114111
0001432243150320221541016409823186
0001432253150320221545013518426515
0001432263150320221545020043175826
0001432273150320221646013353771815
0001432283150320221653016639403235
0001432293150320221656020936634078
0001432303150320221658016010723494
0001432313150320221700012143123649
0001432323150320221703016381511258
0001432333150320221703016042057996
0001432343150320221706016218426034
0001432353150320221707016091898729
0001432363150320221733016178705183
0001432373150320221818020341331753
0001432383150320221826016585719639
0001432393150320221833016068454488
0001432403150320222206020341331753
0001432413150320222206016068454488
0001432423150320222207016585719639
0001432433150320222239016042057996
0001432443150320222240016010723494
0001432453150320222242013353771815
0001432463150320222245020936634078
0001432473150320222251012143123649
0001432483150320222253016218426034
0001432493150320222253016639403235
0001432503150320222257016178705183
0001432513150320222302016091898729
0001432523150320222308016381511258
0001432533160320220750012425859510
0001432543160320220750020043175826
0001432553160320220755016013311162
0001432563160320220758013518426515
0001432573160320220837013825017779
0001432583160320220851014507980271
0001432593160320220859016013114111
0001432603160320220900016409823186
0001432613160320220900013260182852
0001432623160320220900019018641580
0001432633160320220916016585719639
0001432643160320221156016632558446
0001432653160320221200020341331753
0001432663160320221203016068454488
0001432673160320221427020341331753
0001432683160320221432020043175826
0001432693160320221434016632558446
0001432703160320221437013518426515
0001432713160320221522016585719639
0001432723160320221533014507980271
0001432733160320221550013825017779
0001432743160320221554016013311162
0001432753160320221557016639403235
0001432763160320221601016013114111
0001432773160320221602019018641580
0001432783160320221602016218426034
0001432793160320221604016409823186
0001432803160320221605013260182852
0001432813160320221608013260182852
0001432823160320221608016091898729
0001432833160320221609012425859510
0001432843160320221624016178705183
0001432853160320221633013260182852
0001432863160320221659012143123649
0001432873160320221659020936634078
0001432883160320221659013353771815
0001432893160320221700016010723494
0001432903160320221700016042057996
0001432913160320221703016381511258
0001432923160320221833020341331753
0001432933160320221835016632558446
0001432943160320221840016068454488
0001432953160320222214020341331753
0001432963160320222217016632558446
0001432973160320222245020936634078
0001432983160320222248016042057996
0001432993160320222249016010723494
0001433003160320222250013353771815
0001433013160320222252016381511258
0001433023160320222256012143123649
0001433033160320222257016178705183
0001433043160320222303016218426034
0001433053160320222303016639403235
0001433063160320222307016091898729
0001433073170320220751020043175826
0001433083170320220751012425859510
0001433093170320220752013518426515
0001433103170320220758016013311162
0001433113170320220835013825017779
0001433123170320220844014507980271
0001433133170320220900016409823186
0001433143170320220900016013114111
0001433153170320220903013260182852
0001433163170320220903019018641580
0001433173170320221147016632558446
0001433183170320221200016068454488
0001433193170320221202016585719639
0001433203170320221423016013311162
0001433213170320221431016632558446
0001433223170320221435013518426515
0001433233170320221435016068454488
0001433243170320221435016585719639
0001433253170320221520013825017779
0001433263170320221527012425859510
0001433273170320221529020043175826
0001433283170320221530014507980271
0001433293170320221546016013114111
0001433303170320221559019018641580
0001433313170320221612016409823186
0001433323170320221617013260182852
0001433333170320221627016178705183
0001433343170320221658020936634078
0001433353170320221659016010723494
0001433363170320221659016042057996
0001433373170320221700016639403235
0001433383170320221700013353771815
0001433393170320221700012143123649
0001433403170320221704020341331753
0001433413170320221705016381511258
0001433423170320221710016091898729
0001433433170320221745016218426034
0001433443170320221810013518426515
0001433453170320221829016013311162
0001433463170320221834016068454488
0001433473170320221836016585719639
0001433483170320221838016632558446
0001433493170320221926016409823186
0001433503170320221928016013114111
0001433513170320221939013260182852
0001433523170320221945014507980271
0001433533170320221954013825017779
0001433543170320221959019018641580
0001433553170320222153016013311162
0001433563170320222155016013311162
0001433573170320222225013825017779
0001433583170320222231019018641580
0001433593170320222232013260182852
0001433603170320222233014507980271
0001433613170320222238016409823186
0001433623170320222240016013114111
0001433633170320222254016632558446
0001433643170320222312016585719639
0001433653170320222313016068454488
0001433663170320222313020341331753
0001433673170320222328020341331753
0001433683170320222353013353771815
0001433693170320222356016010723494
0001433703180320220004016178705183
0001433713180320220005016218426034
0001433723180320220006016639403235
0001433733180320220015016091898729
0001433743180320220018016381511258
0001433753180320220018012143123649
0001433763180320220018016042057996
0001433773180320220044020936634078
0001433783180320220755020043175826
0001433793180320220755012425859510
0001433803180320220800016013311162
0001433813180320220836013825017779
0001433823180320220847014507980271
0001433833180320220859013260182852
0001433843180320220859016013114111
0001433853180320220901016409823186
0001433863180320220902019018641580
0001433873180320221102016639403235
0001433883180320221113020341331753
0001433893180320221134016585719639
0001433903180320221134016632558446
0001433913180320221140020936634078
0001433923180320221141016068454488
0001433933180320221153013353771815
0001433943180320221157016010723494
0001433953180320221158016042057996
0001433963180320221159012143123649
0001433973180320221202016381511258
0001433983180320221340016381511258
0001433993180320221342013353771815
0001434003180320221345016639403235
0001434013180320221348016042057996
0001434023180320221350012143123649
0001434033180320221353016010723494
0001434043180320221434020341331753
0001434053180320221436016585719639
0001434063180320221444016632558446
0001434073180320221519013825017779
0001434083180320221520014507980271
0001434093180320221526020043175826
0001434103180320221526016013311162
0001434113180320221531019018641580
0001434123180320221539016013114111
0001434133180320221549012425859510
0001434143180320221551016409823186
0001434153180320221559013260182852
0001434163180320221604016218426034
0001434173180320221608016091898729
0001434183180320221627016178705183
0001434193180320221653020936634078
0001434203180320221656016010723494
0001434213180320221656013353771815
0001434223180320221700016381511258
0001434233180320221700012143123649
0001434243180320221702016042057996
0001434253180320221707016639403235
0001434263180320221757020936634078
0001434273180320221822016585719639
0001434283180320221828020341331753
0001434293180320221838016068454488
0001434303180320221839016632558446
0001434313180320221950016409823186
0001434323180320221953013825017779
0001434333180320221956016013114111
0001434343180320222002014507980271
0001434353180320222003019018641580
0001434363180320222118013825017779
0001434373180320222126019018641580
0001434383180320222131014507980271
0001434393180320222141016013114111
0001434403180320222141016409823186
0001434413180320222234020341331753
0001434423180320222234016585719639
0001434433180320222238016632558446
0001434443180320222321016010723494
0001434453180320222322013353771815
0001434463180320222331016218426034
0001434473180320222332016639403235
0001434483180320222335016178705183
0001434493180320222346016091898729
0001434503190320220001020936634078
0001434513190320220007016381511258
0001434523190320220026012143123649
0001434533190320220029016042057996
0001434543190320220742012425859510
0001434553190320220746020043175826
0001434563190320220756016013311162
0001434573190320220833013825017779
0001434583190320220850014507980271
0001434593190320220857019018641580
0001434603190320220901016013114111
0001434613190320220901016409823186
0001434623190320220908016068454488
0001434633190320221058016091898729
0001434643190320221123016178705183
0001434663190320221141020936634078
0001434673190320221142013518426515
0001434683190320221149013353771815
0001434693190320221153016632558446
0001434703190320221154012143123649
0001434713190320221158016010723494
0001434723190320221201016585719639
0001434733190320221201016381511258
0001434743190320221204016042057996
0001434753190320221205020341331753
0001434763190320221458016178705183
0001434773190320221502016381511258
0001434783190320221503012143123649
0001434793190320221503016042057996
0001434803190320221504020936634078
0001434813190320221504016010723494
0001434823190320221506016091898729
0001434833190320221510013353771815
0001434843190320221549016218426034
0001434853190320221550020043175826
0001434863190320221555016639403235
0001434873190320221558013518426515
0001434883190320221558013518426515
0001434893190320221558016013311162
0001434903190320221606016632558446
0001434913190320221607016585719639
0001434923190320221607020341331753
0001434933190320221658016381511258
0001434943190320221700013353771815
0001434953190320221701020936634078
0001434963190320221709012425859510
0001434973190320221710016013114111
0001434983190320221711016409823186
0001434993190320221725012143123649
0001435003190320221726013825017779
0001435013190320221727019018641580
0001435023190320221728016010723494
0001435033190320221729016068454488
0001435043190320221732016042057996
0001435053190320221732014507980271
0001435063190320221735013260182852
0001435073190320221746016178705183
0001435083190320221801016091898729
0001435093190320221828016585719639
0001435103190320221834020341331753
0001435113190320221841016632558446
0001435123190320221853020043175826
0001435133190320221904013518426515
0001435143190320221905016013311162
0001435153190320221944012425859510
0001435163190320221954016013114111
0001435173190320221954016409823186
0001435183190320221955013825017779
0001435193190320221957013260182852
0001435203190320222000019018641580
0001435213190320222002014507980271
0001435223190320222003016068454488
0001435233190320222100013518426515
0001435243190320222101016013311162
0001435253190320222101020043175826
0001435263190320222111012425859510
0001435273190320222113013825017779
0001435283190320222115014507980271
0001435293190320222117013260182852
0001435303190320222119016068454488
0001435313190320222119019018641580
0001435323190320222120016013114111
0001435333190320222132016409823186
0001435343190320222200016042057996
0001435353190320222310016585719639
0001435363190320222312016632558446
0001435373190320222346013353771815
0001435383190320222351020936634078
0001435393190320222352016010723494
0001435403190320222358016218426034
0001435413190320222358016639403235
0001435423200320220009020341331753
0001435433200320220010016381511258
0001435443200320220011012143123649
0001435453200320220013016091898729
0001435463200320220017016178705183
0001435473200320220751020043175826
0001435483200320220751012425859510
0001435493200320220751013518426515
0001435503200320220800016013311162
0001435513200320220835013825017779
0001435523200320220846014507980271
0001435533200320220856019018641580
0001435543200320220858013260182852
0001435553200320220903016013114111
0001435563200320220903016409823186
0001435573200320220903016068454488
0001435583200320221054016218426034
0001435593200320221054016091898729
0001435603200320221101016639403235
0001435613200320221115016178705183
0001435623200320221153016632558446
0001435633200320221154016381511258
0001435643200320221154016010723494
0001435653200320221155016585719639
0001435663200320221155012143123649
0001435673200320221157016042057996
0001435683200320221203020341331753
0001435693200320221223013353771815
0001435703200320221423016639403235
0001435713200320221423016218426034
0001435723200320221501016091898729
0001435733200320221548016042057996
0001435743200320221548016381511258
0001435753200320221549013353771815
0001435763200320221550012143123649
0001435773200320221552016010723494
0001435783200320221553016585719639
0001435793200320221555020341331753
0001435803200320221600020936634078
0001435813200320221606016178705183
0001435823200320221641013518426515
0001435833200320221717016632558446
0001435843200320221727016218426034
0001435853200320221728016639403235
0001435863200320221736020043175826
0001435873200320221736016013311162
0001435883200320221757016381511258
0001435893200320221758016091898729
0001435903200320221801016409823186
0001435913200320221801016013114111
0001435923200320221818020936634078
0001435933200320221821013353771815
0001435943200320221825016010723494
0001435953200320221826012143123649
0001435963200320221826020341331753
0001435973200320221827019018641580
0001435983200320221828016585719639
0001435993200320221828013825017779
0001436003200320221829016042057996
0001436013200320221832014507980271
0001436023200320221833016178705183
0001436033200320221833016068454488
0001436043200320221833013260182852
0001436053200320221837012425859510
0001436063200320221839016178705183
0001436073200320221947016632558446
0001436083200320222238016632558446
0001436093200320222258016218426034
0001436103200320222259016639403235
0001436113200320222301016091898729
0001436123200320222312016381511258
0001436133200320222314013353771815
0001436143210320220003016042057996
0001436153210320220008016010723494
0001436163210320220014012143123649
0001436173210320220019016585719639
0001436183210320220040016178705183
0001436193220320220746013518426515
0001436203220320220746012425859510
0001436213220320220746020043175826
0001436223220320220755016013311162
0001436233220320220829013825017779
0001436243220320220845016013114111
0001436253220320220855016409823186
0001436263220320220906019018641580
0001436273220320220906013260182852
0001436283220320220913014507980271
0001436293220320221139020341331753
0001436303220320221156016632558446
0001436313220320221202016068454488
0001436323220320221432016632558446
0001436333220320221432016068454488
0001436343220320221433020341331753
0001436353220320221437020043175826
0001436363220320221536013825017779
0001436373220320221543016013311162
0001436383220320221545013518426515
0001436393220320221546014507980271
0001436403220320221554012425859510
0001436413220320221604016013114111
0001436423220320221607019018641580
0001436433220320221613016409823186
0001436443220320221636013260182852
0001436453220320221650020936634078
0001436463220320221652012143123649
0001436473220320221654016010723494
0001436483220320221654016091898729
0001436493220320221655016639403235
0001436503220320221659013353771815
0001436513220320221701016381511258
0001436523220320221704016042057996
0001436533220320221714016178705183
0001436543220320221714016218426034
0001436553220320221823020341331753
0001436563220320221832016068454488
0001436573220320221856016632558446
0001436583220320222157020341331753
0001436593220320222219016632558446
0001436603220320222222016042057996
0001436613220320222222016010723494
0001436623220320222222012143123649
0001436633220320222223016381511258
0001436643220320222223013353771815
0001436653220320222228020936634078
0001436663220320222236016218426034
0001436673220320222237016639403235
0001436683220320222251016091898729
0001436693220320222257016178705183
0001436703230320220739020043175826
0001436713230320220739013518426515
0001436723230320220756016013311162
0001436733230320220834013825017779
0001436743230320220844020341331753
0001436753230320220846016632558446
0001436763230320220849016013114111
0001436773230320220854016409823186
0001436783230320220855013260182852
0001436793230320220914019018641580
0001436803230320221157016585719639
0001436813230320221201016068454488
0001436823230320221423016013311162
0001436833230320221423013518426515
0001436843230320221428016068454488
0001436853230320221431016585719639
0001436863230320221514016632558446
0001436873230320221518020341331753
0001436883230320221521013825017779
0001436893230320221526020043175826
0001436903230320221530016013114111
0001436913230320221537012425859510
0001436923230320221548019018641580
0001436933230320221552016639403235
0001436943230320221553016409823186
0001436953230320221555016218426034
0001436963230320221601016091898729
0001436973230320221609014507980271
0001436983230320221612013260182852
0001436993230320221632016178705183
0001437003230320221655013353771815
0001437013230320221658012143123649
0001437023230320221658016010723494
0001437033230320221659020936634078
0001437043230320221659016042057996
0001437053230320221702016381511258
0001437063230320221830016585719639
0001437073230320221832016068454488
0001437083230320222202016068454488
0001437093230320222217016585719639
0001437103230320222230020936634078
0001437113230320222231013353771815
0001437123230320222232016010723494
0001437133230320222234016042057996
0001437143230320222240016178705183
0001437153230320222245016218426034
0001437163230320222245016639403235
0001437173230320222256016091898729
0001437183230320222311016381511258
0001437193230320222327012143123649
0001437203240320220736020043175826
0001437213240320220736013518426515
0001437223240320220746012425859510
0001437233240320220754016013311162
0001437243240320220836013825017779
0001437253240320220837016042057996
0001437263240320220850019018641580
0001437273240320220904016013114111
0001437283240320220905016409823186
0001437293240320220909016068454488
0001437303240320220909013260182852
0001437313240320221149016632558446
0001437323240320221207020341331753
0001437333240320221208016585719639
0001437343240320221408020043175826
0001437353240320221428016013311162
0001437363240320221434016585719639
0001437373240320221434020341331753
0001437383240320221436016632558446
0001437393240320221537013518426515
0001437403240320221541013825017779
0001437413240320221543016042057996
0001437423240320221543012425859510
0001437433240320221551019018641580
0001437443240320221559016013114111
0001437453240320221610016409823186
0001437463240320221614016178705183
0001437473240320221652016639403235
0001437483240320221652016218426034
0001437493240320221653016010723494
0001437503240320221653012143123649
0001437513240320221654016091898729
0001437523240320221654014507980271
0001437533240320221655013353771815
0001437543240320221658020936634078
0001437553240320221703013260182852
0001437563240320221703016381511258
0001437573240320221830016585719639
0001437583240320221830020341331753
0001437593240320221831016013311162
0001437603240320221833016632558446
0001437613240320222051016013311162
0001437623240320222206020341331753
0001437633240320222207016585719639
0001437643240320222210016632558446
0001437653240320222239016010723494
0001437663240320222239012143123649
0001437673240320222241013353771815
0001437683240320222241014507980271
0001437693240320222244020936634078
0001437703240320222245016381511258
0001437713240320222248016218426034
0001437723240320222249016639403235
0001437733240320222254016091898729
0001437743240320222256016178705183
0001437753250320220741020043175826
0001437763250320220741012425859510
0001437773250320220741013518426515
0001437783250320220754016013311162
0001437793250320220756016218426034
0001437803250320220831013825017779
0001437813250320220849014507980271
0001437823250320220858019018641580
0001437833250320220858016409823186
0001437843250320220858016013114111
0001437853250320221053016639403235
0001437863250320221104020043175826
0001437873250320221123013260182852
0001437883250320221126016632558446
0001437893250320221132016068454488
0001437903250320221134020936634078
0001437913250320221140020341331753
0001437923250320221143016585719639
0001437933250320221151016010723494
0001437943250320221152013353771815
0001437953250320221155016042057996
0001437963250320221155012143123649
0001437973250320221201016381511258
0001437983250320221323013518426515
0001437993250320221325016639403235
0001438003250320221358020936634078
0001438013250320221359016381511258
0001438023250320221359016010723494
0001438033250320221402016042057996
0001438043250320221406012143123649
0001438053250320221407016218426034
0001438063250320221408013353771815
0001438073250320221431020341331753
0001438083250320221431016585719639
0001438093250320221440016632558446
0001438103250320221504016068454488
0001438113250320221526013825017779
0001438123250320221541016013311162
0001438133250320221542016013114111
0001438143250320221556012425859510
0001438153250320221557019018641580
0001438163250320221603016091898729
0001438173250320221611016409823186
0001438183250320221624016178705183
0001438193250320221630014507980271
0001438203250320221630013260182852
0001438213250320221647016639403235
0001438223250320221649013353771815
0001438233250320221653016010723494
0001438243250320221654012143123649
0001438253250320221654020936634078
0001438263250320221657013518426515
0001438273250320221659016381511258
0001438283250320221700016042057996
0001438293250320221822016585719639
0001438303250320221830016632558446
0001438313250320221831020341331753
0001438323250320221903016068454488
0001438333250320221948014507980271
0001438343250320221954016409823186
0001438353250320221955016013114111
0001438363250320222002019018641580
0001438373250320222200019018641580
0001438383250320222211016409823186
0001438393250320222211016013114111
0001438403250320222214014507980271
0001438413250320222218016068454488
0001438423250320222222016632558446
0001438433250320222233020341331753
0001438443250320222236016585719639
0001438453250320222259016042057996
0001438463250320222300013353771815
0001438473250320222301016010723494
0001438483250320222303012143123649
0001438493250320222314016381511258
0001438503250320222314013518426515
0001438513250320222323020936634078
0001438523250320222323016091898729
0001438533250320222334016178705183
0001438543260320220813020043175826
0001438553260320220813016013311162
0001438563260320220813012425859510
0001438573260320220832013825017779
0001438583260320220849014507980271
0001438593260320220900016409823186
0001438603260320220901016013114111
0001438613260320220903013260182852
0001438623260320220909016068454488
0001438633260320220915019018641580
0001438643260320220946013518426515
0001438653260320221056016091898729
0001438663260320221114016178705183
0001438673260320221140020936634078
0001438683260320221144016632558446
0001438693260320221146012143123649
0001438703260320221153016585719639
0001438713260320221154016010723494
0001438723260320221158016042057996
0001438733260320221158016381511258
0001438743260320221207020341331753
0001438753260320221218013353771815
0001438763260320221405016091898729
0001438773260320221457016010723494
0001438783260320221458016381511258
0001438793260320221458013353771815
0001438803260320221502020936634078
0001438813260320221503012143123649
0001438823260320221504016042057996
0001438833260320221512016178705183
0001438843260320221520020043175826
0001438853260320221552016639403235
0001438863260320221558016218426034
0001438873260320221600020341331753
0001438883260320221602016585719639
0001438893260320221605013518426515
0001438903260320221605016632558446
0001438913260320221606016013311162
0001438923260320221656016381511258
0001438933260320221657013353771815
0001438943260320221658020936634078
0001438953260320221702016013114111
0001438963260320221702016409823186
0001438973260320221705016091898729
0001438983260320221724013825017779
0001438993260320221724016068454488
0001439003260320221725012143123649
0001439013260320221726016010723494
0001439023260320221727013260182852
0001439033260320221729012425859510
0001439043260320221732016042057996
0001439053260320221732019018641580
0001439063260320221757016178705183
0001439073260320221830016585719639
0001439083260320221838020341331753
0001439093260320221842016632558446
0001439103260320221842013518426515
0001439113260320221851020043175826
0001439123260320221905016013311162
0001439133260320221944012425859510
0001439143260320221949016409823186
0001439153260320221952013825017779
0001439163260320221956016013114111
0001439173260320221957016068454488
0001439183260320221958013260182852
0001439193260320222006019018641580
0001439203260320222018014507980271
0001439213260320222156020043175826
0001439223260320222158013518426515
0001439233260320222159016013311162
0001439243260320222203013825017779
0001439253260320222203016068454488
0001439263260320222213012425859510
0001439273260320222218016409823186
0001439283260320222219016013114111
0001439293260320222219013260182852
0001439303260320222222014507980271
0001439313260320222235019018641580
0001439323260320222304016632558446
0001439333260320222311020341331753
0001439343270320220013016178705183
0001439353270320220013013353771815
0001439363270320220013016010723494
0001439373270320220023016218426034
0001439383270320220024016639403235
0001439393270320220034016091898729
0001439403270320220056020936634078
0001439413270320220108016381511258
0001439423270320220109012143123649
0001439433270320220109016042057996
0001439443270320220748020043175826
0001439453270320220748012425859510
0001439463270320220748013518426515
0001439473270320220756016013311162
0001439483270320220830013825017779
0001439493270320220839014507980271
0001439503270320220854013260182852
0001439513270320220904016013114111
0001439523270320220904016409823186
0001439533270320220908016068454488
0001439543270320220917019018641580
0001439553270320221054016218426034
0001439563270320221054016639403235
0001439573270320221056016178705183
0001439583270320221057016091898729
0001439593270320221143020936634078
0001439603270320221149013353771815
0001439613270320221153016010723494
0001439623270320221155012143123649
0001439633270320221158016585719639
0001439643270320221200016381511258
0001439653270320221200016632558446
0001439663270320221203016042057996
0001439673270320221428016218426034
0001439683270320221428016639403235
0001439693270320221501016091898729
0001439703270320221554016042057996
0001439713270320221555016381511258
0001439723270320221555012143123649
0001439733270320221557016010723494
0001439743270320221600013353771815
0001439753270320221603020936634078
0001439763270320221605016178705183
0001439773270320221633016013311162
0001439783270320221633020043175826
0001439793270320221659020341331753
0001439803270320221701016585719639
0001439813270320221706016632558446
0001439823270320221722016639403235
0001439833270320221723016218426034
0001439843270320221730013518426515
0001439853270320221744012425859510
0001439863270320221756013353771815
0001439873270320221758016381511258
0001439883270320221759016409823186
0001439893270320221801016091898729
0001439903270320221801016013114111
0001439913270320221819020936634078
0001439923270320221826016010723494
0001439933270320221827013825017779
0001439943270320221827016042057996
0001439953270320221829013260182852
0001439963270320221829014507980271
0001439973270320221829016068454488
0001439983270320221830012143123649
0001439993270320221832019018641580
0001440003270320221844016178705183
0001440013270320221927016585719639
0001440023270320221934020341331753
0001440033270320221936016632558446
0001440043270320222219016632558446
0001440053270320222232016218426034
0001440063270320222233016639403235
0001440073270320222250016091898729
0001440083270320222252016381511258
0001440093270320222259013353771815
0001440103270320222312020936634078
0001440113270320222339016042057996
0001440123270320222346016010723494
0001440133270320222352012143123649
0001440143270320222353016585719639
0001440153270320222353020341331753
0001440163280320220005016178705183
0001440173290320220740012425859510
0001440183290320220740020043175826
0001440193290320220740013518426515
0001440203290320220756016013311162
0001440213290320220831013825017779
0001440223290320220855016409823186
0001440233290320220858016013114111
0001440243290320220858014507980271
0001440253290320220900019018641580
0001440263290320220901013260182852
0001440273290320220939016068454488
0001440283290320221152016632558446
0001440293290320221157020341331753
0001440303290320221413016632558446
0001440313290320221426020341331753
0001440323290320221428016013311162
0001440333290320221502016068454488
0001440343290320221502016068454488
0001440353290320221515013825017779
0001440363290320221530016013114111
0001440373290320221530020043175826
0001440383290320221530013518426515
0001440393290320221531014507980271
0001440403290320221535013260182852
0001440413290320221541012425859510
0001440423290320221542016409823186
0001440433290320221543019018641580
0001440443290320221617016178705183
0001440453290320221629013353771815
0001440463290320221650016639403235
0001440473290320221659016042057996
0001440483290320221700016010723494
0001440493290320221700012143123649
0001440503290320221700020936634078
0001440513290320221701016218426034
0001440523290320221702016091898729
0001440533290320221703016381511258
0001440543290320221818016632558446
0001440553290320221829020341331753
0001440563290320221918020936634078
0001440573290320222223016010723494
0001440583290320222223013353771815
0001440593290320222225016178705183
0001440603290320222225016632558446
0001440613290320222232016042057996
0001440623290320222232012143123649
0001440633290320222234016381511258
0001440643290320222235016639403235
0001440653290320222235016218426034
0001440663290320222237016091898729
0001440673290320222242020341331753
0001440683300320220743012425859510
0001440693300320220743020043175826
0001440703300320220743013518426515
0001440713300320220754016013311162
0001440723300320220831013825017779
0001440733300320220836016632558446
0001440743300320220840016042057996
0001440753300320220848016409823186
0001440763300320220850016013114111
0001440773300320220853013260182852
0001440783300320220903019018641580
0001440793300320221133020341331753
0001440803300320221148016068454488
0001440813300320221430016068454488
0001440823300320221430020341331753
0001440833300320221437013518426515
0001440843300320221438020043175826
0001440853300320221443016013311162
0001440863300320221458016632558446
0001440873300320221505013825017779
0001440883300320221512016042057996
0001440893300320221513013260182852
0001440903300320221522019018641580
0001440913300320221522016013114111
0001440923300320221522012425859510
0001440933300320221529016409823186
0001440943300320221557016218426034
0001440953300320221608016091898729
0001440963300320221620016178705183
0001440973300320221646016639403235
0001440983300320221653020936634078
0001440993300320221659013353771815
0001441003300320221659016010723494
0001441013300320221659014507980271
0001441023300320221659012143123649
0001441033300320221812016585719639
0001441043300320221822020341331753
0001441053300320221826016068454488
0001441063300320222202020341331753
0001441073300320222203016585719639
0001441083300320222236013353771815
0001441093300320222236014507980271
0001441103300320222237012143123649
0001441113300320222237016010723494
0001441123300320222239016381511258
0001441133300320222247016218426034
0001441143300320222248016639403235
0001441153300320222258016091898729
0001441163300320222301020936634078
0001441173300320222309016178705183
0001441183310320220759020043175826
0001441193310320220759012425859510
0001441203310320220759016013311162
0001441213310320220759013518426515
0001441223310320220829013825017779
0001441233310320220841014507980271
0001441243310320220858016409823186
0001441253310320220858013260182852
0001441263310320220858016013114111
0001441273310320220915019018641580
0001441283310320221119020341331753
0001441293310320221144016632558446
0001441303310320221144016632558446
0001441313310320221154016010723494
0001441323310320221157016068454488
0001441333310320221159016585719639
0001441343310320221345016010723494
0001441353310320221426016013311162
0001441363310320221430016585719639
0001441373310320221434016632558446
0001441383310320221435016068454488
0001441393310320221500020341331753
0001441403310320221524012425859510
0001441413310320221528013825017779
0001441423310320221535016013114111
0001441433310320221539020043175826
0001441443310320221541013518426515
0001441453310320221550016409823186
0001441463310320221550019018641580
0001441473310320221550014507980271
0001441483310320221610013260182852
0001441493310320221617016178705183
0001441503310320221649016639403235
0001441513310320221651020936634078
0001441523310320221654013353771815
0001441533310320221654016010723494
0001441543310320221654016218426034
0001441553310320221657016091898729
0001441563310320221657012143123649
0001441573310320221701016042057996
0001441583310320221705016381511258
0001441593310320221826016585719639
0001441603310320221826016013311162
0001441613310320221827016068454488
0001441623310320221829016632558446
0001441633310320222104016013311162
0001441643310320222220016585719639
0001441653310320222224016632558446
0001441663310320222224016068454488
0001441673310320222300016042057996
0001441683310320222300013353771815
0001441693310320222301016010723494
0001441703310320222303012143123649
0001441713310320222305016381511258
0001441723310320222311016218426034
0001441733310320222312016639403235
0001441743310320222313016178705183
0001441753310320222317016091898729
0001441763310320222330020936634078
0001441773010420220751020043175826
0001441783010420220751013518426515
0001441793010420220751012425859510
0001441803010420220753016013311162
0001441813010420220832013825017779
0001441823010420220849014507980271
0001441833010420220857013260182852
0001441843010420220859016013114111
0001441853010420220900016409823186
0001441863010420220906019018641580
0001441873010420221049016639403235
