0001464373100520221422020341331753
0001464383100520221441016068454488
0001464393100520221445020043175826
0001464403100520221454020936634078
0001464413100520221503013985526450
0001464423100520221524016632558446
0001464433100520221535010431205180
0001464443100520221535010431205180
0001464453100520221536013825017779
0001464463100520221539016013114111
0001464473100520221539012425859510
0001464483100520221540016013311162
0001464493100520221540016042057996
0001464503100520221552016409823186
0001464513100520221554013260182852
0001464523100520221634013353771815
0001464533100520221653016178705183
0001464543100520221658016381511258
0001464553100520221658016010723494
0001464563100520221658016218426034
0001464573100520221658012143123649
0001464583100520221658013518426515
0001464593100520221701014507980271
0001464603100520221701016091898729
0001464613100520221704013985526450
0001464623100520221805020936634078
0001464633100520221832016068454488
0001464643100520221834020341331753
0001464653100520222215020341331753
0001464663100520222220016068454488
0001464673100520222231012143123649
0001464683100520222232016010723494
0001464693100520222233014507980271
0001464703100520222236016381511258
0001464713100520222238013353771815
0001464723100520222242016178705183
0001464733100520222244020936634078
0001464743100520222246013518426515
0001464753100520222247016218426034
0001464763100520222302016091898729
0001464773100520222302013985526450
0001464783110520220747020043175826
0001464793110520220747010431205180
0001464803110520220747012425859510
0001464813110520220759016013311162
0001464823110520220836013825017779
0001464833110520220844016013114111
0001464843110520220852016042057996
0001464853110520220854020936634078
0001464863110520220859016409823186
0001464873110520220859013260182852
0001464883110520220902020341331753
0001464893110520220906016068454488
0001464903110520221201016585719639
0001464913110520221209016632558446
0001464923110520221431016585719639
0001464933110520221434016632558446
0001464943110520221436016013311162
0001464953110520221436010431205180
0001464963110520221436020043175826
0001465003110520221454020341331753
0001465013110520221454016068454488
0001465023110520221455012335573413
0001465033110520221455012171417821
0001465053110520221455014643836276
0001465063110520221458020936634078
0001465073110520221553012335573413
0001465083110520221553012171417821
0001465093110520221555012425859510
0001465103110520221555016013114111
0001465113110520221559013518426515
0001465123110520221559016091898729
0001465133110520221600013825017779
0001465143110520221604016042057996
0001465153110520221606016218426034
0001465163110520221608016409823186
0001465173110520221636013260182852
0001465183110520221655012143123649
0001465193110520221655014507980271
0001465203110520221704013353771815
0001465213110520221706016381511258
0001465223110520221815016178705183
0001465233110520221819020936634078
0001465243110520221826016585719639
0001465253110520221831016632558446
0001465263110520222213016632558446
0001465273110520222247016178705183
0001465283110520222247013353771815
0001465293110520222248020936634078
0001465303110520222250014507980271
0001465313110520222255016381511258
0001465323110520222300013518426515
0001465333110520222303016218426034
0001465343110520222306012143123649
0001465353110520222308016091898729
0001465363120520220751012335573413
0001465373120520220751020043175826
0001465383120520220751012425859510
0001465393120520220752010431205180
0001465403120520220753012171417821
0001465413120520220757016013311162
0001465423120520220834016042057996
0001465433120520220837013825017779
0001465443120520220846016013114111
0001465453120520220847020936634078
0001465463120520220848016409823186
0001465473120520220901013260182852
0001465483120520220902016585719639
0001465493120520220907014643836276
0001465503120520221158016632558446
0001465513120520221204020341331753
0001465523120520221209016068454488
0001465533120520221423016632558446
0001465543120520221423016068454488
0001465553120520221424020341331753
0001465563120520221432016013311162
0001465573120520221445012171417821
0001465583120520221445012335573413
0001465593120520221455020936634078
0001465603120520221459016585719639
0001465613120520221510013825017779
0001465623120520221524020043175826
0001465633120520221525010431205180
0001465643120520221530016013114111
0001465653120520221534016042057996
0001465663120520221534016409823186
0001465673120520221608012425859510
0001465683120520221609013260182852
0001465693120520221656014643836276
0001465703120520221657013353771815
0001465713120520221659016218426034
0001465723120520221659013518426515
0001465733120520221701012143123649
0001465743120520221703016178705183
0001465753120520221704016381511258
0001465763120520221704014507980271
0001465773120520221704016091898729
0001465783120520221741020936634078
0001465793120520221829020341331753
0001465803120520221830016068454488
0001465813120520221831016013311162
0001465823120520221834016632558446
0001465833120520222036016013311162
0001465843120520222215016632558446
0001465853120520222217016068454488
0001465863120520222224014507980271
0001465873120520222226013353771815
0001465883120520222232016178705183
0001465893120520222234020341331753
0001465903120520222234016381511258
0001465913120520222237013518426515
0001465923120520222238020936634078
0001465933120520222240016218426034
0001465943120520222244012143123649
0001465953120520222250016091898729
0001465963130520220746012335573413
0001465973130520220746020043175826
0001465983130520220746012425859510
0001465993130520220747013985526450
0001466003130520220748010431205180
0001466013130520220759016013311162
0001466023130520220837013825017779
0001466033130520220843016042057996
0001466043130520220847016013114111
0001466053130520220847019018641580
0001466063130520220901016409823186
0001466073130520220901013260182852
0001466083130520220908014643836276
0001466093130520221101013518426515
0001466103130520221135020341331753
0001466113130520221139020936634078
0001466123130520221141016585719639
0001466133130520221148016632558446
0001466143130520221148016068454488
0001466153130520221203012143123649
0001466163130520221203013353771815
0001466173130520221203016381511258
0001466183130520221208014507980271
0001466193130520221340013518426515
0001466203130520221359016381511258
0001466213130520221400013353771815
0001466223130520221401020936634078
0001466233130520221404014507980271
0001466243130520221429020341331753
0001466253130520221431016585719639
0001466263130520221441016632558446
0001466273130520221453016068454488
0001466283130520221508010431205180
0001466293130520221534016042057996
0001466303130520221547016013311162
0001466313130520221556020043175826
0001466323130520221558016013114111
0001466333130520221559016091898729
0001466343130520221600019018641580
0001466353130520221603016218426034
0001466363130520221605013825017779
0001466373130520221608012425859510
0001466383130520221624016409823186
0001466403130520221654020936634078
0001466413130520221700014643836276
0001466423130520221701012143123649
0001466433130520221702013260182852
0001466453130520221703013732759368
0001466463130520221704016381511258
0001466473130520221711014507980271
0001466483130520221712013353771815
0001466493130520221721013518426515
0001466503130520221757016178705183
0001466513130520221829016585719639
0001466523130520221836020341331753
0001466533130520221843016632558446
0001466543130520221907016068454488
0001466553130520221953013825017779
0001466563130520221953016042057996
0001466573130520221955016013114111
0001466583130520222000016409823186
0001466593130520222010019018641580
0001466603130520222138016409823186
0001466613130520222138016013114111
0001466623130520222140019018641580
0001466633130520222146013825017779
0001466643130520222146016068454488
0001466653130520222148013985526450
0001466663130520222209016042057996
0001466673130520222230016632558446
0001466683130520222231016585719639
0001466693130520222236020341331753
0001466703130520222310013732759368
0001466713130520222312013353771815
0001466723130520222314014507980271
0001466733130520222314012143123649
0001466743130520222323013518426515
0001466753130520222323016218426034
0001466763130520222324016381511258
0001466773130520222325016178705183
0001466783130520222328016091898729
0001466793130520222331020936634078
0001466803140520220753012335573413
0001466813140520220753020043175826
0001466823140520220753012425859510
0001466833140520220753012171417821
0001466843140520220754010431205180
0001466853140520220759016013311162
0001466863140520220835013825017779
0001466873140520220854016013114111
0001466883140520220859019018641580
0001466893140520220903016409823186
0001466903140520220904014643836276
0001466913140520220905016068454488
0001466923140520220914013260182852
0001466933140520221055016091898729
0001466943140520221137020936634078
0001466953140520221151014507980271
0001466963140520221156013732759368
0001466973140520221156016632558446
0001466983140520221159012143123649
0001466993140520221202016381511258
0001467003140520221202020341331753
0001467013140520221204013353771815
0001467023140520221209016585719639
0001467033140520221214016178705183
0001467043140520221434016091898729
0001467053140520221459020936634078
0001467063140520221500012143123649
0001467073140520221500013732759368
0001467083140520221504014507980271
0001467093140520221504016381511258
0001467103140520221506013353771815
0001467113140520221516016585719639
0001467123140520221518020341331753
0001467133140520221532012335573413
0001467143140520221536020043175826
0001467153140520221557013518426515
0001467163140520221605016218426034
0001467173140520221606016013311162
0001467183140520221612016632558446
0001467193140520221612010431205180
0001467203140520221657020936634078
0001467213140520221657016381511258
0001467223140520221700016013114111
0001467233140520221702016409823186
0001467243140520221710013353771815
0001467253140520221718012425859510
0001467263140520221726012143123649
0001467273140520221726014507980271
0001467283140520221729016042057996
0001467293140520221729013825017779
0001467303140520221730013260182852
0001467313140520221730016068454488
0001467323140520221731016091898729
0001467333140520221735019018641580
0001467343140520221739013732759368
0001467353140520221805016632558446
0001467363140520221810016178705183
0001467373140520221811016632558446
0001467383140520221812020341331753
0001467393140520221812016585719639
0001467403140520221820012171417821
0001467413140520221841020043175826
0001467423140520221844012335573413
0001467433140520221911016013311162
0001467443140520221957013260182852
0001467453140520221957013825017779
0001467463140520221958016068454488
0001467473140520221958016409823186
0001467483140520221959016042057996
0001467493140520222001016013114111
0001467503140520222013019018641580
0001467513140520222144016013311162
0001467523140520222144012335573413
0001467533140520222145020043175826
0001467543140520222207019018641580
0001467553140520222213013825017779
0001467563140520222213016068454488
0001467573140520222213016585719639
0001467583140520222214013260182852
0001467593140520222220012425859510
0001467603140520222220016013114111
0001467613140520222223016409823186
0001467623140520222229016042057996
0001467633140520222241020341331753
0001467643140520222249016632558446
0001467653140520222320013732759368
0001467663140520222322013353771815
0001467673140520222332012143123649
0001467683140520222333016381511258
0001467693140520222335013518426515
0001467703140520222335016218426034
0001467713140520222338016178705183
0001467723140520222338016381511258
0001467733140520222345016091898729
0001467743140520222350020936634078
0001467753140520222350014507980271
0001467763150520220743020043175826
0001467773150520220743012335573413
0001467783150520220743012335573413
0001467793150520220752010431205180
0001467803150520220755012425859510
0001467813150520220756012171417821
0001467823150520220758014643836276
0001467833150520220801016013311162
0001467843150520220826013825017779
0001467853150520220847016042057996
0001467863150520220852016068454488
0001467873150520220858016013114111
0001467883150520220900013985526450
0001467893150520220901016409823186
0001467903150520220912013260182852
0001467913150520220913019018641580
0001467923150520220947016585719639
0001467933150520221054013518426515
0001467943150520221055016091898729
0001467953150520221058016218426034
0001467963150520221129020936634078
0001467973150520221149013732759368
0001467983150520221151013353771815
0001467993150520221152014507980271
0001468003150520221156020341331753
0001468013150520221157012143123649
0001468023150520221157016632558446
0001468033150520221200016381511258
0001468043150520221231016178705183
0001468053150520221455016218426034
0001468063150520221458013518426515
0001468073150520221459016091898729
0001468083150520221600013732759368
0001468093150520221601016381511258
0001468103150520221601020341331753
0001468113150520221601020341331753
0001468123150520221601012143123649
0001468133150520221603013985526450
0001468143150520221605020936634078
0001468153150520221605013353771815
0001468163150520221607014507980271
0001468173150520221629016178705183
0001468183150520221635016632558446
0001468193150520221639020043175826
0001468203150520221640012335573413
0001468213150520221640012335573413
0001468223150520221640012171417821
0001468233150520221737013518426515
0001468243150520221751010431205180
0001468253150520221753016218426034
0001468263150520221757016013311162
0001468273150520221758016381511258
0001468283150520221802016409823186
0001468293150520221802016013114111
0001468303150520221804013353771815
0001468313150520221814012425859510
0001468323150520221825012425859510
0001468333150520221829012143123649
0001468343150520221829014507980271
0001468353150520221829016042057996
0001468363150520221829020341331753
0001468373150520221829016585719639
0001468383150520221830013732759368
0001468393150520221834013825017779
0001468403150520221834016068454488
0001468413150520221834019018641580
0001468423150520221837013260182852
0001468433150520221840013985526450
0001468443150520221842016091898729
0001468453150520221845016178705183
0001468463150520221906016632558446
0001468473150520222219016632558446
0001468483150520222258013732759368
0001468493150520222305016218426034
0001468503150520222313013353771815
0001468513150520222314016381511258
0001468523150520222319016091898729
0001468533150520222329020936634078
0001468543150520222352016178705183
0001468553160520220029014507980271
0001468563160520220030012143123649
0001468573160520220030020341331753
0001468583170520220750012335573413
0001468593170520220750020043175826
0001468603170520220750012425859510
0001468613170520220750012171417821
0001468623170520220750012171417821
0001468633170520220750012171417821
0001468643170520220750010431205180
0001468653170520220754016013311162
0001468663170520220834014643836276
0001468673170520220839013825017779
0001468683170520220842016013114111
0001468693170520220845016042057996
0001468703170520220855016409823186
0001468713170520220858013985526450
0001468723170520220904019018641580
0001468733170520220909013260182852
0001468743170520220932016068454488
0001468753170520221206016632558446
0001468763170520221206016585719639
0001468773170520221207020341331753
0001468783170520221420016632558446
0001468793170520221433020341331753
0001468803170520221433016585719639
0001468813170520221505012335573413
0001468823170520221507016068454488
0001468833170520221509020043175826
0001468843170520221515012171417821
0001468853170520221522016013114111
0001468863170520221522013825017779
0001468873170520221524012425859510
0001468883170520221524016013311162
0001468893170520221530019018641580
0001468903170520221531010431205180
0001468913170520221535016409823186
0001468923170520221555016042057996
0001468933170520221602013260182852
0001468943170520221644016178705183
0001468953170520221654012143123649
0001468963170520221655013518426515
0001468973170520221656013985526450
0001468983170520221659016218426034
0001468993170520221700020936634078
0001469003170520221701013353771815
0001469013170520221706016381511258
0001469023170520221706016091898729
0001469033170520221709014507980271
0001469043170520221715013732759368
0001469053170520221837020341331753
0001469063170520221901016632558446
0001469073170520222154020341331753
0001469083170520222201016632558446
0001469093170520222201020936634078
0001469103170520222208016381511258
0001469113170520222208014507980271
0001469123170520222208013732759368
0001469133170520222210013353771815
0001469143170520222212016178705183
0001469153170520222216012143123649
0001469163170520222217016218426034
0001469173170520222229013518426515
0001469183170520222244016091898729
0001469193180520220746012425859510
0001469203180520220746012335573413
0001469213180520220747020043175826
0001469223180520220747010431205180
0001469233180520220759016013311162
0001469243180520220836013825017779
0001469253180520220845016042057996
0001469263180520220856014643836276
0001469273180520220857016632558446
0001469283180520220859016013114111
0001469293180520220859016409823186
0001469303180520220900013260182852
0001469313180520220903019018641580
0001469323180520220904020341331753
0001469333180520221201016585719639
0001469343180520221203016068454488
0001469353180520221430016585719639
0001469363180520221432016068454488
0001469373180520221440010431205180
0001469383180520221442020043175826
0001469393180520221442016013311162
0001469403180520221508020341331753
0001469413180520221514016632558446
0001469423180520221552013825017779
0001469433180520221553012335573413
0001469443180520221558016218426034
0001469453180520221558016091898729
0001469463180520221558013518426515
0001469473180520221601016013114111
0001469483180520221602019018641580
0001469493180520221607016409823186
0001469503180520221612016042057996
0001469513180520221652012425859510
0001469523180520221657012143123649
0001469533180520221700020936634078
0001469543180520221705013353771815
0001469553180520221706016381511258
0001469563180520221709013732759368
0001469573180520221711014507980271
0001469583180520221711013260182852
0001469593180520221712013985526450
0001469603180520221743016178705183
0001469613180520221833016068454488
0001469623180520221850016585719639
0001469633180520222123016068454488
0001469643180520222126016585719639
0001469653180520222143020936634078
0001469663180520222144014507980271
0001469673180520222145012143123649
0001469683180520222145013732759368
0001469693180520222146013353771815
0001469703180520222149016381511258
0001469713180520222158016178705183
0001469723180520222200013518426515
0001469733180520222201016218426034
0001469743180520222208016091898729
0001469753190520220736020043175826
0001469763190520220736012425859510
0001469773190520220737012335573413
0001469783190520220738013985526450
0001469793190520220738010431205180
0001469803190520220740012171417821
0001469813190520220747016013311162
0001469823190520220833016013114111
0001469833190520220833013825017779
0001469843190520220841016042057996
0001469853190520220846019018641580
0001469863190520220849016409823186
0001469873190520220851013260182852
0001469883190520220855016585719639
0001469893190520220904014643836276
0001469903190520221145016632558446
0001469913190520221148020341331753
0001469923190520221149016068454488
0001469933190520221424016068454488
0001469943190520221426016013311162
0001469953190520221435012335573413
0001469963190520221435012171417821
0001469973190520221447016632558446
0001469983190520221459020341331753
0001469993190520221505016585719639
0001470003190520221523013825017779
0001470013190520221529016013114111
0001470023190520221532016042057996
0001470033190520221536020043175826
0001470043190520221539010431205180
0001470053190520221540012425859510
0001470063190520221548019018641580
0001470073190520221559016409823186
0001470083190520221636013260182852
0001470093190520221643013518426515
0001470103190520221643013732759368
0001470113190520221644020936634078
0001470123190520221646014507980271
0001470133190520221647016091898729
0001470143190520221647012143123649
0001470153190520221650016218426034
0001470163190520221651013353771815
0001470173190520221653016381511258
0001470183190520221713013985526450
0001470193190520221805016178705183
0001470203190520221818016068454488
0001470213190520221822016013311162
0001470223190520221848016632558446
0001470233190520221854020341331753
0001470243190520221927013985526450
0001470253190520222055016013311162
0001470263190520222141013985526450
0001470273190520222206016632558446
0001470283190520222211020341331753
0001470293190520222212016068454488
0001470303190520222235013732759368
0001470313190520222235013353771815
0001470323190520222237016178705183
0001470333190520222249013518426515
0001470343190520222250016218426034
0001470353190520222305016091898729
0001470363190520222308020936634078
0001470373190520222310014507980271
0001470383190520222316016381511258
0001470393190520222324012143123649
0001470403200520220740012335573413
0001470413200520220740012171417821
0001470423200520220740020043175826
0001470433200520220740012425859510
0001470443200520220741010431205180
0001470453200520220747016013311162
0001470463200520220813013985526450
0001470473200520220822013825017779
0001470483200520220842016178705183
0001470493200520220849014643836276
0001470503200520220851016409823186
0001470513200520220851016013114111
0001470523200520220852013260182852
0001470533200520220859019018641580
0001470543200520220914016042057996
0001470553200520221049013518426515
0001470563200520221120016632558446
0001470573200520221121016585719639
0001470583200520221123016068454488
0001470593200520221128020936634078
0001470603200520221132013732759368
0001470613200520221134020341331753
0001470623200520221140012143123649
0001470633200520221146014507980271
0001470643200520221148016381511258
0001470653200520221155013353771815
0001470663200520221321013518426515
0001470673200520221350020936634078
0001470683200520221351013732759368
0001470693200520221352016381511258
0001470703200520221352013353771815
0001470713200520221354014507980271
0001470723200520221354012143123649
0001470733200520221405013985526450
0001470743200520221409012335573413
0001470753200520221418016585719639
0001470763200520221421016068454488
0001470773200520221427020341331753
0001470783200520221440016632558446
0001470793200520221518013825017779
0001470803200520221532016178705183
0001470813200520221544019018641580
0001470823200520221545020043175826
0001470833200520221545016218426034
0001470843200520221546016013311162
0001470853200520221546012171417821
0001470863200520221546016042057996
0001470873200520221549016013114111
0001470883200520221550010431205180
0001470893200520221553016091898729
0001470903200520221557016409823186
0001470913200520221614013260182852
0001470923200520221644013732759368
0001470933200520221644013518426515
0001470943200520221646013353771815
0001470953200520221647012143123649
0001470963200520221648020936634078
0001470973200520221651013985526450
0001470983200520221651016381511258
0001470993200520221700014507980271
0001471003200520221818016585719639
0001471013200520221822016068454488
0001471023200520221822016632558446
0001471033200520221826012335573413
0001471043200520221831020341331753
0001471053200520221936013825017779
0001471063200520221940016042057996
0001471073200520221945016409823186
0001471083200520221949016013114111
0001471093200520221952019018641580
0001471103200520222103012335573413
0001471113200520222146013825017779
0001471123200520222147019018641580
0001471133200520222148016409823186
0001471143200520222149016042057996
0001471153200520222150016013114111
0001471163200520222150016068454488
0001471173200520222221016585719639
0001471183200520222223020341331753
0001471193200520222226016632558446
0001471203200520222321013732759368
0001471213200520222326013353771815
0001471223200520222330013518426515
0001471233200520222331016218426034
0001471243200520222334016381511258
0001471253200520222338014507980271
0001471263200520222340020936634078
0001471273200520222345016091898729
0001471283200520222357012143123649
0001471293210520220742012335573413
0001471303210520220742020043175826
0001471313210520220742013985526450
0001471323210520220742012425859510
0001471333210520220744010431205180
0001471343210520220749016013311162
0001471353210520220828013825017779
0001471363210520220834016042057996
0001471373210520220853014643836276
0001471383210520220854016068454488
0001471393210520220858016409823186
0001471403210520220858016013114111
0001471413210520220858013260182852
0001471423210520220943019018641580
0001471433210520221042016091898729
0001471443210520221129020936634078
0001471453210520221150016381511258
0001471463210520221155013732759368
0001471473210520221155016632558446
0001471483210520221200016585719639
0001471493210520221201013353771815
0001471503210520221202020341331753
0001471513210520221203016178705183
0001471523210520221204012143123649
0001471533210520221205014507980271
0001471543210520221400016091898729
0001471573210520221500016381511258
0001471583210520221501016178705183
0001471593210520221503012143123649
0001471603210520221505013353771815
0001471613210520221506020936634078
0001471623210520221511014507980271
0001471633210520221527012335573413
0001471643210520221541020043175826
0001471653210520221556013518426515
0001471663210520221600016585719639
0001471673210520221601013732759368
0001471683210520221604016632558446
0001471693210520221605016013311162
0001471703210520221606016218426034
0001471713210520221608020341331753
0001471723210520221613010431205180
0001471733210520221654013985526450
0001471743210520221700020936634078
0001471753210520221702016381511258
0001471763210520221703016091898729
0001471773210520221704016013114111
0001471783210520221704016409823186
0001471793210520221727012425859510
0001471803210520221730012143123649
0001471813210520221732013825017779
0001471823210520221732016042057996
0001471833210520221732016068454488
0001471843210520221732013353771815
0001471853210520221736013260182852
0001471863210520221737019018641580
0001471873210520221739014507980271
0001471883210520221742016178705183
0001471893210520221830012335573413
0001471903210520221831016632558446
0001471913210520221831013732759368
0001471923210520221835020341331753
0001471933210520221835016585719639
0001471943210520221856020043175826
0001471953210520221917016013311162
0001471963210520221947012425859510
0001471973210520221956013825017779
0001471983210520221956016042057996
0001471993210520222000013260182852
0001472003210520222001016068454488
0001472013210520222001016409823186
0001472023210520222003016013114111
0001472033210520222006019018641580
0001472043210520222147012335573413
0001472053210520222147016013311162
0001472063210520222147020043175826
0001472073210520222147020043175826
0001472083210520222148020043175826
0001472093210520222211013825017779
0001472103210520222216016068454488
0001472113210520222216016409823186
0001472123210520222216012425859510
0001472133210520222218013985526450
0001472143210520222218019018641580
0001472153210520222218016042057996
0001472163210520222219016013114111
0001472173210520222219016585719639
0001472183210520222228013260182852
0001472193210520222246020341331753
0001472203210520222248016632558446
0001472213210520222252013732759368
0001472223210520222347016218426034
0001472233210520222348016178705183
0001472243210520222350014507980271
0001472253210520222350013518426515
0001472263210520222350012143123649
0001472273210520222356016381511258
0001472283210520222357016091898729
0001472293210520222358013353771815
0001472303220520220000020936634078
0001472313220520220747020043175826
0001472323220520220747012335573413
0001472333220520220748010431205180
0001472343220520220749014643836276
0001472353220520220751012425859510
0001472363220520220800016013311162
0001472373220520220835013825017779
0001472383220520220847016042057996
0001472393220520220900016585719639
0001472403220520220906016013114111
0001472413220520220907016068454488
0001472423220520220907016409823186
0001472433220520220907019018641580
0001472443220520220908013985526450
0001472453220520220909013260182852
0001472463220520221054016218426034
0001472473220520221059013518426515
0001472483220520221151020936634078
0001472493220520221156014507980271
0001472503220520221202012143123649
0001472513220520221202016381511258
0001472523220520221205020341331753
0001472533220520221205016632558446
0001472543220520221209013353771815
0001472553220520221225016178705183
0001472563220520221232013732759368
0001472573220520221433016218426034
0001472583220520221435013518426515
0001472593220520221556016381511258
0001472603220520221556020341331753
0001472613220520221556013985526450
0001472623220520221556012143123649
0001472633220520221559013732759368
0001472643220520221600016178705183
0001472653220520221600013353771815
0001472663220520221601014507980271
0001472673220520221607020936634078
0001472683220520221625012335573413
0001472693220520221634016013311162
0001472703220520221641010431205180
0001472713220520221729016632558446
0001472723220520221732016218426034
0001472733220520221737013518426515
0001472743220520221737013518426515
0001472753220520221742020043175826
0001472763220520221758013985526450
0001472773220520221759016381511258
0001472783220520221808016409823186
0001472793220520221808016013114111
0001472803220520221811013353771815
0001472813220520221819020936634078
0001472823220520221826013732759368
0001472833220520221829012143123649
0001472843220520221829016042057996
0001472853220520221830012425859510
0001472863220520221831013260182852
0001472873220520221831014507980271
0001472883220520221832013825017779
0001472893220520221832016068454488
0001472903220520221832019018641580
0001472913220520221832016585719639
0001472923220520221832016178705183
0001472933220520221836020341331753
0001472943220520221939016218426034
0001472953220520222004016632558446
0001472963220520222220016632558446
0001472973220520222306013518426515
0001472983220520222310016381511258
0001472993220520222312013353771815
0001473003220520222320020936634078
0001473013230520220016016178705183
0001473023230520220031014507980271
0001473033230520220035012143123649
0001473043240520220753012335573413
0001473053240520220753012425859510
0001473063240520220753020043175826
0001473073240520220753010431205180
0001473083240520220757012171417821
0001473093240520220800016013311162
0001473103240520220835013825017779
0001473113240520220839016013114111
0001473123240520220849016042057996
0001473133240520220901014643836276
0001473143240520220903016409823186
0001473153240520220907016632558446
0001473163240520220908013260182852
0001473173240520221000013985526450
0001473183240520221002019018641580
0001473193240520221152016068454488
0001473203240520221158013732759368
0001473213240520221200016585719639
0001473223240520221202020341331753
0001473233240520221403013985526450
0001473243240520221430016585719639
0001473253240520221433013732759368
0001473263240520221433016068454488
0001473273240520221434020341331753
0001473283240520221443020043175826
0001473293240520221445012335573413
0001473303240520221445012171417821
0001473313240520221454016632558446
0001473323240520221522013825017779
0001473333240520221528012425859510
0001473343240520221529016013114111
0001473353240520221531016013311162
0001473363240520221531016042057996
0001473373240520221534010431205180
0001473383240520221537019018641580
0001473393240520221538013260182852
0001473403240520221541016409823186
0001473413240520221653013353771815
0001473423240520221657020936634078
0001473433240520221659013518426515
0001473443240520221701012143123649
0001473453240520221702013985526450
0001473463240520221705014507980271
0001473473240520221707016381511258
0001473483240520221707016218426034
0001473493240520221711016178705183
0001473503240520221822016585719639
0001473513240520221828016068454488
0001473523240520221831020341331753
0001473533240520221833013732759368
0001473543240520222200016585719639
0001473553240520222200016068454488
0001473563240520222202020341331753
0001473573240520222205013732759368
0001473583240520222222012143123649
0001473593240520222222014507980271
0001473603240520222225016381511258
0001473613240520222226016178705183
0001473623240520222236020936634078
0001473633240520222240016218426034
0001473643240520222241013518426515
0001473653250520220753012335573413
0001473663250520220753020043175826
0001473673250520220753012425859510
0001473683250520220754010431205180
0001473693250520220758012171417821
0001473703250520220759016013311162
0001473713250520220838016585719639
0001473723250520220838013825017779
0001473733250520220847016042057996
0001473743250520220847016013114111
0001473753250520220856016409823186
0001473763250520220857020341331753
0001473773250520220858019018641580
0001473783250520220903013260182852
0001473793250520220904016068454488
0001473803250520220916014643836276
0001473813250520220926013985526450
0001473823250520221144016632558446
0001473833250520221149013732759368
0001473843250520221440016013311162
0001473853250520221440020043175826
0001473863250520221445010431205180
0001473873250520221502016585719639
0001473883250520221505016632558446
0001473893250520221520020341331753
0001473903250520221548013825017779
0001473913250520221550016042057996
0001473923250520221554012335573413
0001473933250520221557019018641580
0001473943250520221559012425859510
0001473953250520221600016091898729
0001473963250520221600016013114111
0001473973250520221605013518426515
0001473983250520221611016218426034
0001473993250520221616016409823186
0001474003250520221634013260182852
0001474013250520221654020936634078
0001474023250520221700012143123649
0001474033250520221704013353771815
0001474043250520221704016381511258
0001474053250520221706014507980271
0001474063250520221716016178705183
0001474073250520221738013985526450
0001474083250520221820013732759368
0001474093250520221901016632558446
0001474103250520222219016632558446
0001474113250520222230013732759368
0001474123250520222244016381511258
0001474133250520222247013353771815
0001474143250520222247016178705183
0001474153250520222250020936634078
0001474163250520222255014507980271
0001474173250520222255012143123649
0001474183250520222255013518426515
0001474193250520222300016218426034
0001474203250520222312016091898729
0001474213260520220754012425859510
0001474223260520220754012335573413
0001474233260520220754020043175826
0001474243260520220754010431205180
0001474253260520220754013985526450
0001474263260520220759012171417821
0001474273260520220800016013311162
0001474283260520220830013825017779
0001474293260520220849016013114111
0001474303260520220858016042057996
0001474313260520220901019018641580
0001474323260520220903016409823186
0001474333260520220903013260182852
0001474343260520221104013732759368
0001474353260520221154016632558446
0001474363260520221201016585719639
0001474373260520221202020341331753
0001474383260520221204016068454488
0001474393260520221430016585719639
0001474403260520221431020341331753
0001474413260520221435016632558446
0001474423260520221446012335573413
0001474433260520221448013985526450
0001474443260520221500013732759368
0001474453260520221506016013311162
0001474463260520221528016042057996
0001474473260520221540013825017779
0001474483260520221548016013114111
0001474493260520221549019018641580
0001474503260520221551012425859510
0001474513260520221553010431205180
0001474523260520221554016409823186
0001474533260520221554020043175826
0001474543260520221639013260182852
0001474553260520221648013985526450
0001474563260520221654016091898729
0001474573260520221654013518426515
0001474583260520221657016218426034
0001474593260520221657020936634078
0001474603260520221658014507980271
0001474613260520221659012143123649
0001474623260520221702013353771815
0001474633260520221706016381511258
0001474643260520221714016178705183
0001474653260520221827016585719639
0001474663260520221828020341331753
0001474673260520221830016632558446
0001474683260520221836016068454488
0001474693260520221902016013311162
0001474703260520222106016013311162
0001474713260520222145013985526450
0001474723260520222202016585719639
0001474733260520222202020341331753
0001474743260520222212016632558446
0001474753260520222214016068454488
0001474763260520222248016178705183
0001474773260520222253013353771815
0001474783260520222256020936634078
0001474793260520222257016381511258
0001474803260520222300014507980271
0001474813260520222301012143123649
0001474823260520222301013518426515
0001474833260520222302016218426034
0001474843260520222309016091898729
0001474853270520220752012425859510
0001474863270520220752020043175826
0001474873270520220753012335573413
0001474883270520220753013985526450
0001474893270520220753010431205180
0001474903270520220800016013311162
0001474913270520220835013825017779
0001474923270520220842016042057996
0001474933270520220848016013114111
0001474943270520220859019018641580
0001474953270520220859016409823186
0001474963270520220902013260182852
0001474973270520220903014643836276
0001474983270520221059013518426515
0001474993270520221130016632558446
0001475003270520221130013732759368
0001475013270520221139016068454488
0001475023270520221140020936634078
0001475033270520221141020341331753
0001475043270520221141016585719639
0001475053270520221146014507980271
0001475063270520221201012143123649
0001475073270520221205016381511258
0001475083270520221208016178705183
0001475093270520221210013353771815
0001475103270520221318020043175826
0001475113270520221332013518426515
0001475123270520221334013985526450
0001475133270520221355016381511258
0001475143270520221356012143123649
0001475153270520221356013353771815
0001475163270520221357014507980271
0001475173270520221357016178705183
0001475183270520221409020936634078
0001475193270520221425016068454488
0001475203270520221431016585719639
0001475213270520221431020341331753
0001475223270520221443016013311162
0001475233270520221457016632558446
0001475243270520221458013732759368
0001475253270520221507013825017779
0001475263270520221517016042057996
0001475273270520221518012335573413
0001475283270520221519010431205180
0001475293270520221519019018641580
0001475303270520221520016013114111
0001475313270520221528012425859510
0001475323270520221530016409823186
0001475333270520221558013260182852
0001475343270520221558016218426034
0001475353270520221600016091898729
0001475363270520221657013353771815
0001475373270520221658020936634078
0001475383270520221658012143123649
0001475393270520221702016381511258
0001475403270520221703013518426515
0001475413270520221703014507980271
0001475423270520221704016178705183
0001475433270520221749013985526450
0001475443270520221830016585719639
0001475453270520221831020341331753
0001475463270520221833016068454488
0001475473270520221900013732759368
0001475483270520221901016632558446
0001475493270520221953013825017779
0001475503270520221957016013114111
0001475513270520221958016409823186
0001475523270520222001016042057996
0001475533270520222004019018641580
0001475543270520222159016409823186
0001475553270520222159016013114111
0001475563270520222159013825017779
0001475573270520222159016068454488
0001475583270520222200013985526450
0001475593270520222205016042057996
0001475603270520222206019018641580
0001475613270520222238016585719639
0001475623270520222240020341331753
0001475633270520222242016632558446
0001475643270520222249013732759368
0001475653270520222346013353771815
0001475663270520222349016178705183
0001475673270520222358013518426515
0001475683280520220001016218426034
0001475693280520220012020936634078
0001475703280520220044016091898729
0001475713280520220051014507980271
0001475723280520220100012143123649
0001475733280520220800012425859510
0001475743280520220801012335573413
0001475753280520220801020043175826
0001475763280520220801016013311162
0001475773280520220801010431205180
0001475783280520220838013825017779
0001475793280520220850016042057996
0001475803280520220856016013114111
0001475813280520220904013260182852
0001475823280520220905016409823186
0001475833280520220907019018641580
0001475843280520220907016068454488
0001475853280520220910014643836276
0001475863280520221106016091898729
0001475873280520221137020936634078
0001475883280520221148013732759368
0001475893280520221159013353771815
0001475903280520221159014507980271
0001475913280520221159020341331753
0001475923280520221200012143123649
0001475933280520221201016585719639
0001475943280520221202016381511258
0001475953280520221203016632558446
0001475963280520221210016178705183
0001475973280520221457020341331753
0001475983280520221458016381511258
0001475993280520221458012143123649
0001476003280520221500016178705183
0001476013280520221500020936634078
0001476023280520221501013353771815
0001476033280520221506014507980271
0001476043280520221512016091898729
0001476053280520221518012335573413
0001476063280520221519020043175826
0001476073280520221558013518426515
0001476083280520221600016585719639
0001476093280520221601016218426034
0001476103280520221604016013311162
0001476113280520221609016632558446
0001476123280520221610010431205180
0001476133280520221613013732759368
0001476143280520221659016381511258
0001476153280520221704020936634078
0001476163280520221704016409823186
0001476173280520221705016013114111
0001476183280520221710013353771815
0001476193280520221718012425859510
0001476203280520221728016178705183
0001476213280520221730013825017779
0001476223280520221730012143123649
0001476233280520221731020341331753
0001476243280520221731013260182852
0001476253280520221733019018641580
0001476263280520221733016042057996
0001476273280520221801016091898729
0001476283280520221803014507980271
0001476293280520221830012335573413
0001476303280520221841016632558446
0001476313280520221842016585719639
0001476323280520221852020043175826
0001476333280520221900013732759368
0001476343280520221919016013311162
0001476353280520221938012425859510
0001476363280520221959013825017779
0001476373280520222001016409823186
0001476383280520222001016042057996
0001476393280520222003013260182852
0001476403280520222003016013114111
0001476413280520222006019018641580
0001476423280520222129020043175826
0001476433280520222130016013311162
0001476443280520222132012335573413
0001476453280520222145012425859510
0001476463280520222154013825017779
0001476473280520222155016013114111
0001476483280520222156013260182852
0001476493280520222157016042057996
0001476503280520222158016409823186
0001476513280520222158019018641580
0001476523280520222211016585719639
0001476533280520222242020341331753
0001476543280520222301016632558446
0001476553280520222301013732759368
0001476563280520222336016178705183
0001476573280520222338013353771815
0001476583280520222348012143123649
0001476593280520222348016381511258
0001476603280520222348014507980271
0001476613280520222348016218426034
0001476623280520222349013518426515
0001476633290520220001020936634078
0001476643290520220757014643836276
0001476653290520220758010431205180
0001476663290520220758012425859510
0001476673290520220801016013311162
0001476683290520220829013825017779
0001476693290520220849016042057996
0001476703290520220858016585719639
0001476713290520220859016013114111
0001476723290520220859019018641580
0001476733290520220905016409823186
0001476743290520220907013260182852
0001476753290520220915013985526450
0001476763290520221054016218426034
0001476773290520221058016091898729
0001476783290520221102013518426515
0001476793290520221138020936634078
0001476803290520221148013732759368
0001476813290520221150013353771815
0001476823290520221157016632558446
0001476833290520221159020341331753
0001476843290520221201012143123649
0001476853290520221201016381511258
0001476863290520221201014507980271
0001476873290520221202016068454488
0001476883290520221213016178705183
0001476893290520221449016218426034
0001476903290520221449013518426515
0001476913290520221453016091898729
0001476923290520221556013732759368
0001476933290520221556020341331753
0001476943290520221557016178705183
0001476953290520221557014507980271
0001476963290520221558016068454488
0001476973290520221558013353771815
0001476983290520221558013985526450
0001476993290520221600016381511258
0001477003290520221600012143123649
0001477013290520221605020936634078
0001477023290520221642012335573413
0001477033290520221642020043175826
0001477043290520221652016632558446
0001477053290520221749016218426034
0001477063290520221753010431205180
0001477073290520221755013518426515
0001477083290520221757016013311162
0001477093290520221801016091898729
0001477103290520221801016381511258
0001477113290520221802016409823186
0001477123290520221802016013114111
0001477133290520221817020936634078
0001477143290520221821013985526450
0001477153290520221825013353771815
0001477163290520221825019018641580
0001477173290520221825012425859510
0001477183290520221826013732759368
0001477193290520221826012143123649
0001477203290520221828013825017779
0001477213290520221828016042057996
0001477223290520221828014507980271
0001477233290520221832016178705183
0001477243290520221834020341331753
0001477253290520221834016585719639
0001477263290520221837013260182852
0001477273290520221838016068454488
0001477283290520221942016632558446
0001477293290520222221016632558446
0001477303290520222255016068454488
0001477313290520222258013518426515
0001477323290520222259016218426034
0001477333290520222313016381511258
0001477343290520222314013353771815
0001477353290520222315016091898729
0001477363290520222343020936634078
0001477373300520220008020341331753
0001477383300520220008013732759368
0001477393300520220008016178705183
0001477403300520220017014507980271
0001477413300520220025012143123649
0001477423300520220030013985526450
0001477433310520220745012425859510
0001477443310520220745020043175826
0001477453310520220745010431205180
0001477463310520220746012171417821
0001477473310520220751012335573413
0001477483310520220805016013311162
0001477493310520220836013825017779
0001477503310520220839016042057996
0001477513310520220845016013114111
0001477523310520220856019018641580
0001477533310520220857014643836276
0001477543310520220904013985526450
0001477553310520220906016068454488
0001477563310520220924016409823186
0001477573310520221038013260182852
0001477583310520221201016632558446
0001477593310520221203016585719639
0001477603310520221204013732759368
0001477613310520221206020341331753
0001477623310520221415013985526450
0001477633310520221432013732759368
0001477643310520221438016585719639
0001477653310520221439020341331753
0001477663310520221451012171417821
0001477673310520221451012335573413
0001477683310520221456020043175826
0001477693310520221459016632558446
0001477703310520221504016068454488
0001477713310520221534013825017779
0001477723310520221544016013311162
0001477733310520221545016042057996
0001477743310520221546019018641580
0001477753310520221547012425859510
0001477763310520221548016013114111
0001477773310520221549010431205180
0001477783310520221551013260182852
0001477793310520221559016409823186
0001477803310520221655016091898729
0001477813310520221655014507980271
0001477823310520221656013518426515
0001477833310520221657012143123649
0001477843310520221700013353771815
0001477853310520221703016381511258
0001477863310520221703016218426034
0001477873310520221703020936634078
0001477883310520221706016178705183
0001477893310520221757013985526450
0001477903310520221836016585719639
0001477913310520221839013732759368
0001477923310520221843016632558446
0001477933310520221848020341331753
0001477943310520222156020341331753
0001477953310520222157016585719639
0001477963310520222157016585719639
0001477973310520222200016632558446
0001477983310520222211013732759368
0001477993310520222221016381511258
0001478003310520222221016178705183
0001478013310520222223013353771815
0001478023310520222223014507980271
0001478033310520222226013985526450
0001478043310520222229020936634078
0001478053310520222230012143123649
0001478063310520222236013518426515
0001478073310520222238016218426034
0001478083310520222244016091898729
0001478093010620220747010431205180
0001478103010620220747020043175826
0001478113010620220748012335573413
0001478123010620220750012425859510
0001478133010620220758016013311162
0001478143010620220802012171417821
0001478153010620220836013825017779
0001478163010620220837016042057996
0001478173010620220852016013114111
0001478183010620220900016409823186
0001478193010620220900016632558446
0001478203010620220901016585719639
0001478213010620220901013260182852
0001478223010620220905014643836276
0001478233010620220908019018641580
0001478243010620220925013985526450
Importado !!