0001404603220120221705016381511258
0001404613220120221707016220475837
0001404623220120221708016091898729
0001404633220120221709016409823186
0001404643220120221724019018641580
0001404653220120221729012143123649
0001404663220120221729013985526450
0001404673220120221730013260182852
0001404683220120221730021267047269
0001404693220120221731013825017779
0001404703220120221732016010723494
0001404713220120221733014507980271
0001404723220120221734016042057996
0001404733220120221735016178705183
0001404743220120221835016632558446
0001404753220120221835014020531559
0001404763220120221854020043175826
0001404773220120221920012425859510
0001404783220120221946013985526450
0001404793220120221953016010723494
0001404803220120221958016409823186
0001404813220120222000014507980271
0001404823220120222000013825017779
0001404843220120222007019018641580
0001404853220120222010016220475837
0001404863220120222026014507980271
0001404873220120222111012425859510
0001404883220120222117013985526450
0001404893220120222118016220475837
0001404903220120222120020043175826
0001404913220120222124013825017779
0001404923220120222132016010723494
0001404933220120222133016409823186
0001404943220120222144019018641580
0001404953220120222209021267047269
0001404963220120222211014020531559
0001404973220120222231016632558446
0001404983220120222259013260182852
0001404993220120222300016042057996
0001405003220120222301012143123649
0001405013220120222303016178705183
0001405023220120222309016381511258
0001405033220120222313016639403235
0001405043220120222314016013311162
0001405053220120222314016091898729
0001405063230120220749020043175826
0001405073230120220751010431205180
0001405083230120220752012425859510
0001405093230120220833013825017779
0001405103230120220839014507980271
0001405113230120220846016010723494
0001405123230120220850013985526450
0001405133230120220856016409823186
0001405143230120220913016220475837
0001405153230120220935019018641580
0001405163230120220949016059481648
0001405173230120220949016059481648
0001405183230120220950016059481648
0001405193230120221059016639403235
0001405203230120221059016013311162
0001405213230120221059016091898729
0001405233230120221100016013114111
0001405243230120221123016632558446
0001405253230120221126021267047269
0001405263230120221149012143123649
0001405273230120221200016042057996
0001405283230120221200014020531559
0001405293230120221201013260182852
0001405303230120221204016381511258
0001405313230120221217016178705183
0001405323230120221431016639403235
0001405333230120221431016013311162
0001405343230120221509016091898729
0001405353230120221553021267047269
0001405363230120221554016381511258
0001405373230120221554016042057996
0001405383230120221555014020531559
0001405393230120221557012143123649
0001405403230120221600013260182852
0001405413230120221601016178705183
0001405423230120221624020043175826
0001405433230120221650010431205180
0001405443230120221652016632558446
0001405453230120221730016639403235
0001405463230120221730016013311162
0001405473230120221744021267047269
0001405483230120221800016091898729
0001405493230120221801016220475837
0001405503230120221803016381511258
0001405513230120221815016409823186
0001405523230120221828016042057996
0001405533230120221828014020531559
0001405543230120221829013825017779
0001405553230120221829012425859510
0001405563230120221829016010723494
0001405573230120221831019018641580
0001405583230120221837013260182852
0001405593230120221838016178705183
0001405603230120221840013985526450
0001405613230120221844014507980271
0001405623230120221936016013114111
0001405633230120221940016013114111
0001405643230120221943016632558446
0001405653230120222232016632558446
0001405663230120222237016013114111
0001405673230120222247014020531559
0001405683230120222331016013311162
0001405693230120222331016639403235
0001405703230120222333016091898729
0001405713230120222343016381511258
0001405723240120220019016178705183
0001405733240120220021013260182852
0001405743240120220024016042057996
0001405753240120220032012143123649
0001405763250120220752012425859510
0001405773250120220753010431205180
0001405783250120220757020043175826
0001405793250120220830014507980271
0001405803250120220833013825017779
0001405813250120220841016013114111
0001405823250120220849016409823186
0001405833250120220851013985526450
0001405843250120220907019018641580
0001405853250120220909016220475837
0001405863250120221152016632558446
0001405873250120221159014020531559
0001405883250120221200016010723494
0001405893250120221210021267047269
0001405903250120221210021267047269
0001405913250120221431016010723494
0001405923250120221432016632558446
0001405933250120221433014020531559
0001405943250120221438010431205180
0001405953250120221459021267047269
0001405963250120221511013825017779
0001405973250120221530012425859510
0001405983250120221540016013114111
0001405993250120221542016409823186
0001406003250120221544020043175826
0001406013250120221545014507980271
0001406023250120221554019018641580
0001406033250120221612016220475837
0001406043250120221623013985526450
0001406053250120221658016042057996
0001406063250120221658016013311162
0001406073250120221658012143123649
0001406083250120221659016639403235
0001406093250120221701016091898729
0001406103250120221706013260182852
0001406113250120221708016381511258
0001406123250120221827016010723494
0001406133250120221831016632558446
0001406143250120221831014020531559
0001406153250120222216014020531559
0001406163250120222217016632558446
0001406173250120222235016381511258
0001406183250120222236016042057996
0001406193250120222244013260182852
0001406203250120222252016639403235
0001406213250120222253016013311162
0001406223250120222253016091898729
0001406233250120222300012143123649
0001406243260120220749020043175826
0001406253260120220752012425859510
0001406263260120220835013825017779
0001406273260120220839014507980271
0001406283260120220843016409823186
0001406293260120220844016632558446
0001406303260120220851016220475837
0001406313260120220858013985526450
0001406323260120220909019018641580
0001406333260120220950016013114111
0001406343260120221034021267047269
0001406353260120221156016010723494
0001406363260120221200014020531559
0001406373260120221415016010723494
0001406383260120221416021267047269
0001406393260120221419014020531559
0001406403260120221431020043175826
0001406413260120221432016013114111
0001406423260120221451016632558446
0001406433260120221502013825017779
0001406443260120221532014507980271
0001406453260120221537012425859510
0001406463260120221538010431205180
0001406473260120221549016409823186
0001406483260120221551019018641580
0001406493260120221556016013311162
0001406503260120221556016639403235
0001406513260120221556016091898729
0001406523260120221622013985526450
0001406533260120221648016010723494
0001406543260120221650016218426034
0001406553260120221656012143123649
0001406563260120221700016042057996
0001406573260120221704016381511258
0001406583260120221705013260182852
0001406593260120221829014020531559
0001406603260120221829021267047269
0001406613260120221904016013114111
0001406623260120222114016013311162
0001406633260120222210021267047269
0001406643260120222210014020531559
0001406653260120222210016013114111
0001406663260120222234012143123649
0001406673260120222236016042057996
0001406683260120222239016010723494
0001406693260120222241013260182852
0001406703260120222250016218426034
0001406713260120222251016639403235
0001406723260120222252016091898729
0001406733260120222254016381511258
0001406743270120220749012425859510
0001406753270120220750010431205180
0001406763270120220755016013311162
0001406773270120220802020043175826
0001406783270120220832013825017779
0001406793270120220838014507980271
0001406803270120220852013985526450
0001406813270120220854016409823186
0001406823270120220859014020531559
0001406833270120220918019018641580
0001406843270120220929016220475837
0001406853270120220945016013114111
0001406863270120221153016632558446
0001406873270120221156016010723494
0001406883270120221404016010723494
0001406893270120221431016632558446
0001406903270120221433010431205180
0001406913270120221434016013114111
0001406923270120221504014020531559
0001406933270120221512013825017779
0001406943270120221549016220475837
0001406953270120221553016220475837
0001406963270120221602012425859510
0001406973270120221611019018641580
0001406983270120221619014507980271
0001406993270120221623016013311162
0001407003270120221623020043175826
0001407013270120221624016409823186
0001407023270120221653016010723494
0001407033270120221655016091898729
0001407043270120221656016218426034
0001407053270120221657012143123649
0001407063270120221700016042057996
0001407073270120221704016639403235
0001407083270120221705016381511258
0001407093270120221706013260182852
0001407103270120221723013985526450
0001407113270120221814016632558446
0001407123270120221903016013114111
0001407133270120222156016013114111
0001407143270120222209016632558446
0001407153270120222240016010723494
0001407163270120222241013260182852
0001407173270120222246012143123649
0001407183270120222251016381511258
0001407193270120222253016218426034
0001407203270120222254016639403235
0001407213270120222254016091898729
0001407223270120222257016042057996
0001407233280120220740010431205180
0001407243280120220748020043175826
0001407253280120220755012425859510
0001407263280120220757016013311162
0001407273280120220858013985526450
0001407283280120220859014507980271
0001407293280120220900016409823186
0001407303280120220900019018641580
0001407313280120220913016220475837
0001407323280120220945016013114111
0001407333280120221054016639403235
0001407343280120221129014020531559
0001407353280120221140016632558446
0001407363280120221144016010723494
0001407373280120221151012143123649
0001407383280120221201016042057996
0001407393280120221202016381511258
0001407403280120221206013260182852
0001407413280120221334016639403235
0001407423280120221400016042057996
0001407433280120221401016381511258
0001407443280120221403012143123649
0001407453280120221403013260182852
0001407463280120221408016010723494
0001407473280120221416014020531559
0001407483280120221439016013311162
0001407493280120221445020043175826
0001407503280120221449016632558446
0001407513280120221449016013114111
0001407523280120221516013825017779
0001407533280120221558016218426034
0001407543280120221602012425859510
0001407553280120221604019018641580
0001407563280120221605010431205180
0001407573280120221609016091898729
0001407583280120221616016409823186
0001407593280120221625016220475837
0001407603280120221639014507980271
0001407613280120221658016639403235
0001407623280120221658012143123649
0001407633280120221658016010723494
0001407643280120221703013260182852
0001407653280120221704016381511258
0001407663280120221704016042057996
0001407673280120221712013985526450
0001407683280120221828016632558446
0001407693280120221836014020531559
0001407703280120221905016013114111
0001407713280120221949014507980271
0001407723280120221949016409823186
0001407733280120221959013825017779
0001407743280120222008019018641580
0001407753280120222110013825017779
0001407763280120222113014507980271
0001407773280120222117016409823186
0001407783280120222124019018641580
0001407793280120222153016013114111
0001407803280120222208014020531559
0001407813280120222221016632558446
0001407823280120222319012143123649
0001407833280120222321016042057996
0001407843280120222330016010723494
0001407853280120222334016381511258
0001407863280120222337016218426034
0001407873280120222337016639403235
0001407883280120222338016091898729
0001407893290120220749012425859510
0001407903290120220751010431205180
0001407913290120220755016013311162
0001407923290120220757020043175826
0001407933290120220828013825017779
0001407943290120220849014507980271
0001407953290120220856013985526450
0001407963290120220858016409823186
0001407973290120220906016220475837
0001407983290120220909019018641580
0001407993290120220944016013114111
0001408003290120221058016091898729
0001408013290120221154012143123649
0001408023290120221156016632558446
0001408033290120221158016010723494
0001408043290120221159014020531559
0001408053290120221204016381511258
0001408063290120221206016042057996
0001408073290120221206013260182852
0001408083290120221414016091898729
0001408093290120221455016042057996
0001408103290120221456016381511258
0001408113290120221456016010723494
0001408123290120221458012143123649
0001408133290120221459013260182852
0001408143290120221545020043175826
0001408153290120221557016639403235
0001408163290120221604016013114111
0001408173290120221605016218426034
0001408183290120221606012425859510
0001408193290120221610016013311162
0001408203290120221621010431205180
0001408213290120221629016632558446
0001408223290120221654016010723494
0001408233290120221658016381511258
0001408243290120221700012143123649
0001408253290120221704016091898729
0001408263290120221706016409823186
0001408273290120221727013260182852
0001408283290120221728012143123649
0001408293290120221729016042057996
0001408303290120221729013985526450
0001408313290120221729013825017779
0001408323290120221730014507980271
0001408333290120221732019018641580
0001408343290120221733016220475837
0001408353290120221737014020531559
0001408363290120221833016013114111
0001408373290120221845012425859510
0001408383290120221857020043175826
0001408393290120221906016632558446
0001408403290120221921016013311162
0001408413290120221945013985526450
0001408423290120221956013825017779
0001408433290120222002014507980271
0001408443290120222003016409823186
0001408453290120222006014020531559
0001408463290120222007019018641580
0001408473290120222010016220475837
0001408483290120222045012425859510
0001408493290120222132013985526450
0001408503290120222134013825017779
0001408513290120222134016013311162
0001408523290120222134014507980271
0001408533290120222135020043175826
0001408543290120222136019018641580
0001408553290120222136016409823186
0001408563290120222228016013114111
0001408573290120222245014020531559
0001408583290120222248016632558446
0001408593290120222332016010723494
0001408603290120222332013260182852
0001408613290120222338016042057996
0001408623290120222343016639403235
0001408633290120222344016218426034
0001408643290120222344016091898729
0001408653290120222347016381511258
0001408663300120220750010431205180
0001408673300120220751012425859510
0001408683300120220751020043175826
0001408693300120220759016013311162
0001408703300120220832013825017779
0001408713300120220849016409823186
0001408723300120220851014507980271
0001408733300120220854013985526450
0001408743300120220921019018641580
0001408753300120220940016013114111
0001408763300120221057016639403235
0001408773300120221057016091898729
0001408783300120221143021267047269
0001408793300120221159016010723494
0001408803300120221200014020531559
0001408813300120221201016632558446
0001408823300120221202016042057996
0001408833300120221203013260182852
0001408843300120221205016381511258
0001408853300120221501016639403235
0001408863300120221501016091898729
0001408873300120221557016042057996
0001408883300120221557016010723494
0001408893300120221559014020531559
0001408903300120221559013260182852
0001408913300120221559016381511258
0001408923300120221607021267047269
0001408933300120221703016013114111
0001408943300120221709016632558446
0001408953300120221718016013311162
0001408963300120221756016639403235
0001408973300120221756016218426034
0001408983300120221757016091898729
0001408993300120221759016381511258
0001409003300120221800016409823186
0001409013300120221801010431205180
0001409023300120221807020043175826
0001409033300120221819021267047269
0001409043300120221828016010723494
0001409053300120221829014020531559
0001409063300120221829016042057996
0001409073300120221831016220475837
0001409083300120221832013825017779
0001409093300120221834013260182852
0001409103300120221835019018641580
0001409113300120221838013985526450
0001409123300120221843014507980271
0001409133300120221904016013114111
0001409143300120221928016632558446
0001409153300120222239016013114111
0001409163300120222248016218426034
0001409173300120222248016639403235
0001409183300120222248016091898729
0001409193300120222342013260182852
0001409203300120222355014020531559
0001409213300120222355016381511258
0001409223310120220025016010723494
0001409233010220220752020043175826
0001409243010220220753010431205180
0001409253010220220755016013311162
0001409263010220220833013825017779
0001409273010220220839014507980271
0001409283010220220840016013114111
0001409293010220220851016409823186
0001409303010220220902013985526450
0001409313010220220927019018641580
0001409323010220221156016632558446
0001409333010220221203014020531559
0001409383010220221237016585719639
